==========>>>

Pos:3
Dis:112.53mm
data - cfar
63046,16908
121790,16877
123059,16626
97123,17034
69445,17710
35245,18060
52343,18287
39863,18225
41751,18336
38639,18628
2060,18823
21139,19086
5415,18997
8899,19106
7470,18984
20369,18951
11245,18856
16408,18904
13335,18891
12873,18924
10155,18999
3463,19091
2919,19104
7040,19035
7259,18944
10931,18897
12081,18856
9388,18849
11202,18872
6186,18904
6493,18945
4124,18913
6208,18871
5165,18809
9017,18782
6105,18747
9463,18734
7688,18735
8019,18771
5412,18768
6606,18774
3885,18746
5953,18762
5082,18725
7164,18677
6847,18661
7496,18653
6305,18629
6492,18631
4796,18613
5366,18618
5625,18569
4918,18541
6574,18519
7639,18511
5837,18480
7625,18485
7158,18488
3003,18509
4904,18512
3083,18468
4567,18424
4755,18386
6186,18330
5580,18290
7861,18263
6655,18248
6556,18260
2484,18234
5507,18187
5434,18102
6346,18027
6478,17962
7554,17927
6310,17886
6908,17884
5819,17901
4797,17856
4634,17805
2935,17754
2810,17642
4767,17578
6006,17439
5781,17402
3175,17356
4918,17324
5068,17199
3525,17237
4652,16969
2367,16668
4606,16389
5121,15985
4998,15739
5062,15210
4965,14486
2326,13542
5971,12610
3225,12134
4631,11638
4391,11638
2787,11638
4538,11638
4325,11638
3260,11638
2725,11638
3902,11638
7601,11638
5073,11638
540,11638
3236,11638
5305,11638
4144,11638
1743,11638
1802,11638
2912,11638
2556,11638
4524,11638
7412,11638
5514,11638
1340,11638
4099,11638
5519,11638
3261,11638
4885,11638
2537,11638
3538,11638
4708,11638
2607,11638
1241,11638
2652,11638
2591,11638
4705,11638
1550,11638
5105,11638
5414,11638
1569,11638
3739,11638
4604,11638
6330,11638
6266,11638
1415,11638
5271,11638
3723,11638
1977,11638
2352,11638
3309,11638
6014,11638
1490,11638
4460,11638
6454,11638
4974,11638
3117,11638
4014,11638
4144,11638
5282,11638
4402,11638
3703,11638
3687,11638
4448,11638
2900,11638
3166,11638
3334,11638
3149,11638
2641,11638
1722,11638
4178,11638
2425,11638
3594,11638
4782,11638
2854,11638
2240,11638
938,11638
4079,11638
2166,11638
3537,11638
4834,11638
2421,11638
6214,11638
5710,11638
1208,11638
1983,11638
607,11638
5693,11638
6552,11638
2062,11638
4712,11638
5026,11638
3723,11638
4556,11638
2259,11638
2822,11638
4351,11638
2057,11638
5056,11638
5149,11638
687,11638
5308,11638
5464,11638
1511,11638
2516,11638
2731,11638
1895,11638
2570,11638
2698,11638
4058,11638
4473,11638
1739,11638
3767,11638
2696,11638
5526,11638
6531,11638
3023,11638
6782,11638
9342,11638
3923,11638
4655,11638
6275,11638
2618,11638
3185,11638
1618,11638

==========>>>

Pos:2
Dis:75.02mm
data - cfar
67726,15519
119473,15549
115072,15304
98778,15619
78101,16229
36737,16584
53344,16869
43285,16803
42573,16931
38365,17254
2878,17433
19690,17675
4705,17613
7663,17717
7762,17579
20609,17562
8994,17508
16220,17572
12770,17543
11436,17594
10427,17668
2217,17736
2188,17766
6685,17721
6655,17631
9952,17588
10844,17560
8484,17560
9940,17590
4305,17611
5817,17663
3370,17656
5345,17664
3656,17645
7292,17629
5431,17580
7853,17607
6314,17605
7739,17616
3303,17617
6186,17630
2947,17593
4484,17572
4289,17539
6354,17515
5495,17491
6997,17485
6634,17456
5745,17457
4480,17439
4123,17428
4223,17427
3746,17402
5030,17365
4720,17342
5858,17310
6115,17285
5991,17288
2648,17304
3741,17298
2696,17286
3175,17234
3999,17196
5728,17162
5297,17163
5273,17152
3290,17153
4999,17139
3484,17108
3146,17075
2500,17054
4009,16991
3706,16920
5162,16910
3787,16873
3742,16896
3782,16918
3282,16872
1325,16805
3534,16719
3811,16600
3954,16582
4020,16444
3326,16432
2310,16412
5175,16386
5005,16250
693,16257
4060,15974
3560,15631
3968,15326
2374,14916
3344,14664
3670,14072
5348,13336
2808,12461
2890,11585
2328,11087
2843,10761
3869,10761
2627,10761
2820,10761
3661,10761
1421,10761
4863,10761
4532,10761
466,10761
1991,10761
2170,10761
3539,10761
1779,10761
3209,10761
5529,10761
4031,10761
2335,10761
1997,10761
2088,10761
3171,10761
3845,10761
2440,10761
1570,10761
2413,10761
2226,10761
2497,10761
399,10761
3555,10761
4992,10761
3408,10761
4213,10761
6788,10761
3719,10761
2055,10761
5584,10761
4781,10761
573,10761
2674,10761
2823,10761
2535,10761
1374,10761
3931,10761
2956,10761
3469,10761
3697,10761
736,10761
2113,10761
978,10761
3658,10761
6157,10761
3199,10761
2158,10761
3527,10761
1476,10761
1060,10761
3398,10761
2927,10761
3644,10761
5314,10761
1625,10761
3587,10761
5072,10761
5085,10761
1522,10761
3171,10761
2321,10761
260,10761
3184,10761
6345,10761
3522,10761
3523,10761
5168,10761
2077,10761
3720,10761
4507,10761
2182,10761
2718,10761
2374,10761
3831,10761
7124,10761
2631,10761
4650,10761
6212,10761
3155,10761
884,10761
2576,10761
1150,10761
2309,10761
2963,10761
1215,10761
4503,10761
6117,10761
5009,10761
3461,10761
5505,10761
4653,10761
765,10761
3798,10761
2229,10761
7948,10761
9077,10761
4052,10761
2275,10761
2698,10761
3555,10761
4786,10761
2238,10761
2258,10761
4045,10761
3086,10761
1801,10761
3166,10761
6251,10761
6805,10761
5094,10761
7876,10761
8960,10761
2939,10761
3430,10761
2594,10761
1806,10761
1816,10761

==========>>>

Pos:3
Dis:112.53mm
data - cfar
21430,30976
87449,30727
119896,30055
107091,29946
100968,30585
38150,30973
57425,31260
63041,31384
20872,31444
48385,31765
22484,31711
26184,32016
9430,32059
17046,32142
14476,31923
33173,31890
18323,31722
31128,31781
23153,31684
26625,31730
21788,31754
19033,31815
15991,31805
17987,31779
18315,31707
21978,31635
22567,31584
22278,31540
23215,31515
19269,31503
19565,31514
17062,31490
18471,31485
16456,31421
19952,31372
18243,31281
20952,31246
18240,31181
20038,31159
16966,31118
18657,31099
14562,31034
17586,31013
15724,30904
18631,30852
16772,30763
19555,30720
16354,30644
17640,30641
14482,30570
15442,30530
15599,30442
15041,30385
14804,30286
17269,30228
15490,30122
16546,30079
15472,29992
15224,29943
14511,29884
13651,29815
13708,29719
13880,29594
15983,29479
16683,29396
14768,29327
13964,29267
15515,29180
12845,29084
12889,29003
12845,28860
13876,28755
13236,28631
13457,28525
12999,28436
13811,28393
11105,28311
11795,28230
11079,28041
13298,27926
11996,27742
12428,27637
12860,27411
13764,27355
11398,27272
12473,27276
11065,27111
11857,27008
10299,26684
11123,26554
11482,26089
12494,25677
11512,25452
12004,24715
11365,23903
10970,23000
9760,22373
10577,22275
11512,21632
11203,20723
11121,20535
11007,20535
10911,20535
9941,20535
9673,20535
10333,20535
10372,20535
10794,20535
12462,20535
10183,20535
9713,20535
10027,20535
7829,20535
9464,20535
9219,20535
7571,20535
10728,20535
8233,20535
8723,20535
8994,20535
10372,20535
8648,20535
11393,20535
8497,20535
6429,20535
8661,20535
10690,20535
10106,20535
11003,20535
11566,20535
9556,20535
6799,20535
7525,20535
7195,20535
7752,20535
10523,20535
7528,20535
8959,20535
9838,20535
7565,20535
7434,20535
7549,20535
7859,20535
6766,20535
9055,20535
7737,20535
9236,20535
8914,20535
8919,20535
7723,20535
8915,20535
5798,20535
7312,20535
7414,20535
8763,20535
10720,20535
7944,20535
8220,20535
4708,20535
8356,20535
6866,20535
7723,20535
8284,20535
6623,20535
5979,20535
10257,20535
5294,20535
9524,20535
6934,20535
4078,20535
7233,20535
8202,20535
7477,20535
8695,20535
4961,20535
8738,20535
9232,20535
4518,20535
6290,20535
6347,20535
6238,20535
7171,20535
5773,20535
7308,20535
7373,20535
4006,20535
6331,20535
5631,20535
10191,20535
6530,20535
3670,20535
3264,20535
7180,20535
9581,20535
7498,20535
5305,20535
6868,20535
5315,20535
6028,20535
6233,20535
6302,20535
3280,20535
8106,20535
5541,20535
5874,20535
3263,20535
5887,20535
6121,20535
4732,20535
7415,20535
4654,20535
5946,20535
3993,20535
6002,20535
7346,20535
4951,20535
5802,20535
2506,20535
6353,20535
9468,20535

==========>>>

Pos:3
Dis:112.53mm
data - cfar
31113,14535
83990,14240
119382,13576
114467,13619
76764,14336
30782,14917
42139,15215
39993,15227
29165,15399
22522,15684
5263,15769
20029,15851
11920,15837
5933,15901
10715,15814
20915,15814
7020,15759
17249,15816
12904,15803
10412,15843
12145,15926
1155,15972
3599,15998
6284,15955
4926,15892
8351,15874
9678,15844
7705,15847
9564,15893
3655,15902
5732,15932
2017,15912
4934,15900
1790,15898
5096,15931
3778,15886
7462,15894
4604,15881
7424,15888
4448,15891
3460,15909
3125,15878
4826,15862
2568,15831
5300,15833
3841,15790
6161,15790
5977,15777
5832,15768
4067,15764
2979,15743
3357,15715
3603,15680
4318,15657
4381,15653
6248,15629
4434,15618
4825,15642
3575,15628
4483,15597
1877,15581
3547,15572
1259,15538
3476,15518
3471,15500
6007,15485
3866,15471
4849,15471
2256,15444
4307,15400
2877,15343
3463,15315
1563,15271
3885,15236
4535,15163
4544,15159
2924,15197
3383,15133
3889,15065
1714,14976
4513,14889
2791,14875
1223,14722
4269,14637
5456,14586
2565,14530
4716,14437
2126,14408
2387,14256
2357,14051
2616,13786
1711,13485
3356,13261
2619,12643
4162,11764
2765,10818
3912,10182
1999,9951
1937,9326
2417,9283
4805,9283
4606,9283
2751,9283
2567,9283
4491,9283
3718,9283
3829,9283
4494,9283
1428,9283
4224,9283
2226,9283
2281,9283
2411,9283
3711,9283
3454,9283
3880,9283
2162,9283
1866,9283
1971,9283
2920,9283
607,9283
2674,9283
2551,9283
4468,9283
4018,9283
1413,9283
1153,9283
2659,9283
553,9283
6186,9283
6576,9283
1148,9283
4112,9283
3865,9283
2354,9283
2852,9283
2764,9283
894,9283
3328,9283
2685,9283
3541,9283
1702,9283
4055,9283
3355,9283
813,9283
2361,9283
846,9283
2182,9283
652,9283
3474,9283
4630,9283
1942,9283
2179,9283
3879,9283
2643,9283
630,9283
2559,9283
3037,9283
1121,9283
2505,9283
4257,9283
3315,9283
1662,9283
1940,9283
755,9283
1961,9283
1740,9283
3334,9283
3838,9283
1519,9283
87,9283
2144,9283
4735,9283
3479,9283
501,9283
2799,9283
5064,9283
4824,9283
1330,9283
2558,9283
800,9283
5315,9283
4914,9283
1351,9283
908,9283
3751,9283
5787,9283
4947,9283
2469,9283
906,9283
2474,9283
921,9283
1228,9283
1093,9283
3307,9283
3317,9283
1574,9283
1551,9283
1312,9283
4279,9283
3932,9283
1512,9283
1281,9283
3117,9283
1539,9283
2561,9283
1929,9283
2953,9283
4814,9283
1712,9283
2152,9283
987,9283
835,9283
1426,9283
4123,9283
1720,9283
4307,9283
6118,9283
3418,9283
2413,9283

==========>>>

Pos:3
Dis:112.53mm
data - cfar
37464,15330
91130,15102
117619,14543
108218,14691
72781,15437
23749,15958
40848,16253
36995,16185
31606,16317
24869,16530
7865,16601
22926,16699
11481,16680
8867,16769
10684,16678
22703,16654
9406,16576
19999,16641
14885,16623
10590,16708
10772,16811
637,16878
1769,16894
7080,16829
7488,16740
11201,16704
11004,16704
8160,16749
9833,16792
5100,16806
5447,16821
3637,16821
5649,16821
4051,16799
6755,16795
5335,16759
8720,16771
6271,16767
7752,16780
4549,16775
5416,16786
2913,16748
6479,16738
4462,16699
6261,16698
4811,16660
7184,16656
5593,16635
6572,16638
4111,16618
4187,16617
3471,16577
4689,16562
5295,16520
5117,16501
5459,16470
5321,16470
6061,16454
3775,16441
5439,16453
1496,16420
3886,16402
1928,16375
4710,16346
5223,16309
5249,16277
4010,16258
5234,16255
2552,16236
3272,16182
3171,16119
5088,16034
3586,15953
5482,15942
3797,15906
4187,15910
3348,15913
3417,15857
2854,15801
3832,15703
3986,15582
4629,15546
4587,15378
4895,15326
4496,15270
4776,15195
4356,15056
1917,15010
4185,14864
1994,14660
3453,14432
2523,14119
4410,13930
3794,13377
2496,12547
3486,11624
4689,10917
2184,10631
3507,9989
2820,9989
4428,9989
3052,9989
4124,9989
2646,9989
2800,9989
2009,9989
2283,9989
3326,9989
3353,9989
3623,9989
4484,9989
2087,9989
4104,9989
4400,9989
2688,9989
4515,9989
2186,9989
3008,9989
2454,9989
2480,9989
3632,9989
2911,9989
5748,9989
7504,9989
2878,9989
1583,9989
1003,9989
4481,9989
3901,9989
5501,9989
3948,9989
2018,9989
4904,9989
3431,9989
2845,9989
2329,9989
2648,9989
2456,9989
3180,9989
3587,9989
3467,9989
2643,9989
2225,9989
3255,9989
1407,9989
2732,9989
2327,9989
2718,9989
3947,9989
2581,9989
2872,9989
2557,9989
3900,9989
1707,9989
2988,9989
4696,9989
2250,9989
2879,9989
5196,9989
4326,9989
2717,9989
957,9989
1191,9989
2322,9989
1979,9989
1003,9989
2631,9989
560,9989
3280,9989
4784,9989
3088,9989
196,9989
600,9989
2325,9989
4095,9989
3026,9989
6377,9989
5686,9989
2288,9989
3962,9989
1990,9989
1452,9989
2653,9989
1507,9989
3966,9989
7291,9989
6444,9989
3664,9989
92,9989
2815,9989
2166,9989
1573,9989
1213,9989
1261,9989
3957,9989
4571,9989
2925,9989
3614,9989
2476,9989
2723,9989
2037,9989
2349,9989
2594,9989
1094,9989
3221,9989
1518,9989
2375,9989
2816,9989
2580,9989
4651,9989
5305,9989
1681,9989
3925,9989
5291,9989
1770,9989
4153,9989
2716,9989
2271,9989
2356,9989
2377,9989

==========>>>

Pos:3
Dis:112.53mm
data - cfar
28286,16006
81595,15747
113868,15115
108133,15098
79225,15764
31876,16281
42212,16566
41098,16629
24833,16771
24803,17012
7592,17030
22685,17139
9977,17121
8627,17229
7719,17135
21487,17118
8443,17049
18979,17107
13929,17076
11458,17145
12001,17224
2010,17278
3210,17300
6386,17267
6209,17179
10389,17145
11238,17107
8777,17090
10664,17105
5776,17122
6800,17163
3438,17149
5667,17138
3938,17106
6852,17071
5662,17017
10105,17022
5930,16999
8092,17018
5024,17029
6154,17061
2001,17020
6779,17019
4698,16943
6673,16946
5360,16904
8047,16883
6367,16854
7632,16827
6512,16806
3981,16814
3982,16790
4782,16763
4368,16709
5852,16691
6122,16638
5610,16634
6595,16620
4789,16614
4677,16589
4166,16555
5407,16507
3962,16477
6454,16455
5175,16404
7118,16414
4711,16413
6414,16401
2900,16372
4705,16326
3546,16250
5187,16174
4904,16097
6483,16062
4983,16032
5340,16037
4665,16050
3769,15991
2675,15914
4615,15819
3439,15695
3229,15654
5041,15506
3464,15454
4165,15409
4202,15355
4289,15194
3744,15146
4931,14971
3589,14797
3484,14499
5140,14184
5365,13964
3281,13353
5713,12561
3034,11695
4291,11070
3806,10867
2857,10273
1212,10118
5665,10118
4906,10118
3086,10118
4365,10118
4178,10118
1993,10118
3832,10118
3284,10118
2932,10118
2954,10118
3025,10118
2666,10118
5763,10118
3220,10118
3742,10118
4448,10118
1867,10118
3279,10118
2481,10118
5009,10118
2545,10118
5392,10118
2928,10118
1646,10118
1142,10118
3107,10118
4384,10118
2810,10118
2956,10118
4481,10118
1972,10118
3289,10118
5125,10118
3781,10118
1959,10118
6413,10118
4578,10118
2064,10118
4573,10118
935,10118
3285,10118
2845,10118
1042,10118
2578,10118
1491,10118
2621,10118
3763,10118
3287,10118
2331,10118
1722,10118
3677,10118
1373,10118
2214,10118
2968,10118
3445,10118
2480,10118
2258,10118
3312,10118
4069,10118
3910,10118
547,10118
5164,10118
4656,10118
1018,10118
2142,10118
1900,10118
1445,10118
1865,10118
3562,10118
1549,10118
2988,10118
2094,10118
2369,10118
1909,10118
1684,10118
1572,10118
3832,10118
3642,10118
2790,10118
2021,10118
2066,10118
4042,10118
1835,10118
2164,10118
1976,10118
2568,10118
3527,10118
4044,10118
3870,10118
2359,10118
5574,10118
5083,10118
622,10118
2379,10118
3242,10118
2031,10118
2918,10118
4890,10118
164,10118
5825,10118
5348,10118
1655,10118
4101,10118
1661,10118
3486,10118
5169,10118
1178,10118
4995,10118
4925,10118
1125,10118
1815,10118
2040,10118
2408,10118
2306,10118
4542,10118
3557,10118
1222,10118
1419,10118
2255,10118
624,10118

==========>>>

Pos:4
Dis:150.04mm
data - cfar
39444,14567
75787,14396
97349,13892
103552,13900
72442,14606
10572,15077
41626,15377
36064,15123
43774,15171
37035,15443
3114,15601
23059,15784
12222,15717
10926,15831
8163,15736
21870,15729
10408,15622
19288,15670
14708,15672
11774,15747
11709,15845
409,15894
2326,15884
8288,15828
7914,15767
10100,15727
12042,15726
6987,15724
9807,15776
4175,15820
5028,15856
2138,15831
4893,15792
3554,15744
7206,15760
4917,15733
8322,15722
5647,15737
6516,15770
5235,15750
6318,15783
3748,15806
2677,15804
3458,15788
5128,15772
4061,15743
5954,15750
4708,15738
4313,15745
4248,15747
2641,15730
3012,15715
4047,15701
3646,15664
3958,15670
4713,15665
4328,15652
4076,15637
3260,15614
3600,15610
1919,15591
4089,15538
4122,15509
4193,15463
5063,15426
6797,15397
4220,15408
5007,15442
1258,15434
3758,15390
3101,15324
3941,15245
3906,15172
4548,15136
3515,15073
5580,15073
4761,15094
2657,15032
2195,14978
2727,14881
3748,14725
3800,14653
3271,14498
4517,14443
4056,14378
2701,14311
3901,14143
4192,14128
2956,13863
1856,13541
3391,13273
2828,12944
4392,12884
2142,12318
4267,11514
3580,10770
2574,10200
2388,9905
3923,9340
1864,9340
4864,9340
2117,9340
4434,9340
4392,9340
3377,9340
4451,9340
3449,9340
2339,9340
2035,9340
3560,9340
2106,9340
1856,9340
1427,9340
2676,9340
4293,9340
4185,9340
706,9340
1564,9340
829,9340
3977,9340
4617,9340
2574,9340
2937,9340
2438,9340
2573,9340
4826,9340
1908,9340
1761,9340
436,9340
4059,9340
6141,9340
5543,9340
1115,9340
5440,9340
4648,9340
1479,9340
5465,9340
4588,9340
1618,9340
3297,9340
3005,9340
2876,9340
3517,9340
1356,9340
3504,9340
2434,9340
1254,9340
3858,9340
3306,9340
1388,9340
4821,9340
2840,9340
2202,9340
2989,9340
1513,9340
3848,9340
4042,9340
2217,9340
3510,9340
2327,9340
1552,9340
1197,9340
3522,9340
3804,9340
2669,9340
2380,9340
1249,9340
2193,9340
2341,9340
2862,9340
2080,9340
2437,9340
2311,9340
427,9340
2934,9340
3452,9340
1098,9340
1833,9340
3105,9340
1450,9340
2016,9340
3151,9340
1945,9340
1486,9340
1382,9340
2216,9340
1978,9340
2511,9340
1716,9340
2137,9340
1001,9340
3464,9340
1715,9340
2399,9340
3125,9340
2623,9340
4038,9340
2485,9340
629,9340
1923,9340
2891,9340
2441,9340
1199,9340
4118,9340
3955,9340
1470,9340
4528,9340
3589,9340
2333,9340
2136,9340
1013,9340
3890,9340
2765,9340
2684,9340
5078,9340
2749,9340
1783,9340
3330,9340
3828,9340
2540,9340

==========>>>

Pos:4
Dis:150.04mm
data - cfar
23265,20083
75754,19825
108320,19159
110127,19089
83703,19732
24350,20157
56343,20433
49506,20385
28095,20572
32531,20905
6108,20926
25422,21121
5271,21089
10147,21204
9790,21038
25576,21038
9038,20924
22677,20997
16216,20932
15715,21008
12562,21062
6905,21130
5309,21139
10421,21092
10533,20978
13493,20937
14571,20884
13164,20870
14387,20898
9781,20892
10514,20933
7366,20921
9875,20917
7069,20883
10898,20870
9583,20789
12464,20775
9682,20741
11302,20746
7789,20741
8740,20730
8058,20685
10119,20669
6583,20601
10698,20576
9030,20512
10776,20507
8110,20477
10118,20499
6401,20462
8216,20457
7023,20400
7530,20349
8118,20271
10004,20230
9789,20176
9552,20177
8061,20137
6964,20125
7930,20078
6122,20036
7716,19984
7415,19922
7466,19869
8603,19826
9568,19778
6878,19740
7758,19742
4884,19693
7274,19627
6348,19542
8220,19458
7102,19338
10031,19291
7107,19251
7578,19260
7217,19251
6583,19191
5414,19103
5257,19004
5748,18860
6954,18823
7474,18626
8453,18572
6466,18515
5821,18534
6110,18386
5804,18373
6314,18138
6187,17945
5418,17565
6724,17150
6619,16981
8580,16354
6167,15515
4263,14711
5854,14152
5760,13981
6772,13440
5209,12954
6050,12954
6683,12954
7420,12954
3068,12954
6087,12954
5079,12954
5845,12954
3581,12954
5718,12954
5441,12954
7702,12954
6388,12954
5435,12954
5622,12954
3752,12954
4882,12954
4068,12954
5489,12954
6605,12954
4704,12954
3831,12954
6038,12954
4151,12954
5401,12954
6026,12954
1524,12954
5889,12954
5442,12954
5664,12954
7776,12954
5519,12954
2661,12954
4650,12954
3581,12954
3886,12954
5422,12954
3400,12954
6148,12954
5589,12954
4072,12954
3790,12954
3693,12954
3818,12954
5506,12954
4721,12954
5558,12954
4371,12954
4720,12954
2456,12954
3861,12954
3630,12954
4628,12954
6246,12954
887,12954
4634,12954
3451,12954
5050,12954
5464,12954
2972,12954
5136,12954
3704,12954
3251,12954
1764,12954
6003,12954
4031,12954
4658,12954
5725,12954
3645,12954
2032,12954
3443,12954
5874,12954
3675,12954
5194,12954
2793,12954
2559,12954
2852,12954
5958,12954
6641,12954
3333,12954
2416,12954
1313,12954
5353,12954
6006,12954
4868,12954
2857,12954
3291,12954
1815,12954
4252,12954
6087,12954
3621,12954
1579,12954
3723,12954
4548,12954
4061,12954
6662,12954
2340,12954
3316,12954
999,12954
4287,12954
2086,12954
4637,12954
4358,12954
2308,12954
4205,12954
1819,12954
4436,12954
2712,12954
3625,12954
2588,12954
4466,12954
464,12954
4875,12954
3694,12954
4210,12954
3079,12954
4857,12954
7409,12954
3246,12954
4121,12954
5297,12954

==========>>>

Pos:3
Dis:112.53mm
data - cfar
26197,22869
77859,22657
105138,22070
101727,21953
91627,22531
31019,22937
51266,23232
53744,23322
15758,23434
37047,23833
3394,23700
32807,23896
10843,23785
15482,23974
4617,23858
25257,23845
13637,23662
24120,23676
20954,23633
18278,23692
16737,23770
9057,23828
8778,23860
9812,23820
13298,23728
15332,23662
16804,23624
15045,23580
16938,23579
12632,23569
13481,23581
9865,23564
11945,23567
9523,23501
14092,23447
12000,23385
15770,23357
13102,23306
14722,23332
10069,23318
11500,23313
9434,23259
12698,23243
8582,23149
13430,23128
12063,23081
12615,23069
11333,23044
12022,23022
10014,22987
9333,22965
8826,22905
9628,22837
10337,22756
11482,22712
11267,22650
10091,22608
10999,22567
9809,22538
8952,22479
8626,22398
9836,22304
10037,22230
11047,22160
10321,22139
10503,22083
9170,22032
10372,21986
8488,21939
9544,21856
8323,21787
9124,21698
8747,21589
10656,21533
8702,21471
9785,21463
7168,21421
8395,21357
6445,21232
9274,21128
6715,20946
9306,20856
10513,20677
9122,20681
9630,20610
7920,20564
6999,20366
7199,20387
6053,20150
7350,20046
8956,19641
7114,19261
7307,19071
8297,18352
8335,17609
5820,16830
7024,16259
7471,16084
6984,15495
7249,14784
7441,14784
8308,14784
6506,14784
5161,14784
7343,14784
6120,14784
7479,14784
5549,14784
6065,14784
5335,14784
8869,14784
7007,14784
5549,14784
4245,14784
8431,14784
6598,14784
6398,14784
4944,14784
6947,14784
7835,14784
5541,14784
7408,14784
6118,14784
4329,14784
5176,14784
5671,14784
4879,14784
6325,14784
6954,14784
6099,14784
4277,14784
8450,14784
5344,14784
4851,14784
6508,14784
6511,14784
5051,14784
5876,14784
6293,14784
3610,14784
6993,14784
7745,14784
5221,14784
6162,14784
4562,14784
5631,14784
5352,14784
4610,14784
4495,14784
5808,14784
4576,14784
4644,14784
3678,14784
4745,14784
5265,14784
4922,14784
2909,14784
4956,14784
4946,14784
5705,14784
7392,14784
2978,14784
3433,14784
5617,14784
7109,14784
4296,14784
7039,14784
4685,14784
3822,14784
5815,14784
3051,14784
4182,14784
3516,14784
5294,14784
4558,14784
6096,14784
3825,14784
3585,14784
4920,14784
5470,14784
3902,14784
2935,14784
5303,14784
4121,14784
7342,14784
4351,14784
3600,14784
3088,14784
6287,14784
1739,14784
6061,14784
5287,14784
4646,14784
5107,14784
3502,14784
4608,14784
2809,14784
3113,14784
3102,14784
4738,14784
1504,14784
5814,14784
2153,14784
5336,14784
5386,14784
4441,14784
2136,14784
2759,14784
4205,14784
4587,14784
2999,14784
2219,14784
3857,14784
3304,14784
5524,14784
4217,14784
3024,14784
3487,14784
865,14784
3557,14784

==========>>>

Pos:3
Dis:112.53mm
data - cfar
32933,15599
83754,15321
118312,14701
112915,14752
76166,15432
30948,15876
53755,16070
51008,16096
26560,16325
27860,16687
5644,16690
24580,16783
12389,16771
7206,16941
3187,16896
17395,16901
7361,16804
14433,16833
12995,16815
10615,16822
13286,16868
3314,16895
5688,16953
3531,16936
4279,16879
7738,16828
9263,16808
7182,16783
10731,16795
5747,16789
8400,16831
2558,16819
5957,16837
1549,16795
6182,16807
4155,16771
9046,16760
5416,16756
7637,16795
5175,16758
7404,16723
5421,16721
2881,16736
2458,16724
5090,16704
5639,16657
7046,16654
5813,16646
5684,16633
5904,16614
3749,16595
4234,16592
2862,16583
3082,16548
5078,16536
5573,16518
4758,16478
7296,16439
4791,16414
4816,16412
2437,16401
4791,16382
2015,16347
3924,16328
3155,16322
6483,16322
4366,16302
5992,16264
3643,16230
4429,16189
3354,16165
2777,16121
4273,16064
5911,16034
4337,16005
4910,15991
4871,15996
4938,15927
3873,15858
3198,15781
4715,15698
2326,15670
2773,15568
4814,15538
5231,15494
3733,15401
5042,15254
2936,15239
3460,15050
2508,14863
3835,14485
3017,14070
6042,13861
3483,13264
3826,12412
3011,11507
3756,10873
3052,10610
4438,9978
2706,9851
2328,9851
3050,9851
2439,9851
2799,9851
5561,9851
4021,9851
1238,9851
1353,9851
3812,9851
5372,9851
4190,9851
3524,9851
1245,9851
3996,9851
4168,9851
3632,9851
1084,9851
3340,9851
2511,9851
3229,9851
639,9851
3650,9851
3040,9851
3243,9851
2476,9851
4092,9851
3133,9851
3048,9851
1869,9851
1467,9851
3663,9851
4942,9851
2582,9851
5438,9851
5855,9851
2169,9851
631,9851
2185,9851
2541,9851
3190,9851
3329,9851
1560,9851
4505,9851
2838,9851
3056,9851
1238,9851
2004,9851
3522,9851
3925,9851
1463,9851
3670,9851
2198,9851
2683,9851
1574,9851
2132,9851
2531,9851
4037,9851
3848,9851
1220,9851
2105,9851
5229,9851
6355,9851
2860,9851
810,9851
1509,9851
2884,9851
3221,9851
3549,9851
3090,9851
2009,9851
541,9851
2910,9851
4574,9851
3448,9851
244,9851
2995,9851
2342,9851
3370,9851
4580,9851
2268,9851
2586,9851
895,9851
3719,9851
3468,9851
1302,9851
3797,9851
2669,9851
4724,9851
4102,9851
1393,9851
1930,9851
3966,9851
2684,9851
1087,9851
2607,9851
4381,9851
2277,9851
2586,9851
1964,9851
2893,9851
2767,9851
1287,9851
2915,9851
1971,9851
1372,9851
746,9851
391,9851
2915,9851
3178,9851
1039,9851
3541,9851
489,9851
3631,9851
4017,9851
2799,9851
3299,9851
3705,9851
610,9851
3398,9851
2474,9851

==========>>>

Pos:3
Dis:112.53mm
data - cfar
27062,13420
70575,13182
98826,12656
94513,12670
68172,13150
38595,13549
44819,13710
48599,13674
42568,13810
28047,14132
8946,14306
18977,14468
5550,14488
4970,14554
8489,14459
17303,14482
3427,14450
14036,14509
9670,14447
10104,14480
9849,14515
2707,14550
5106,14586
4546,14568
3231,14538
8140,14495
9280,14468
5590,14465
10110,14511
3699,14507
6198,14558
1683,14538
4002,14552
980,14515
4771,14535
2238,14514
7504,14519
3929,14487
6395,14515
4023,14497
5548,14493
3772,14511
2542,14529
2025,14517
4084,14503
4519,14471
5592,14467
5381,14476
4748,14459
4910,14470
2038,14448
2955,14433
1677,14396
3805,14382
3029,14356
4184,14351
3100,14319
5513,14298
3143,14269
3405,14248
1912,14228
3112,14218
1053,14228
2702,14209
2899,14190
4681,14159
4146,14153
4284,14147
2965,14157
2241,14116
406,14090
3925,14030
2863,13956
3350,13942
3690,13924
2427,13899
3188,13890
4464,13841
2897,13784
2194,13742
3179,13675
1166,13668
2126,13549
1911,13491
3525,13466
2980,13418
4334,13295
2314,13242
1563,13042
2978,12715
4731,12353
1708,12018
2189,11761
1711,11235
2976,10524
1762,9745
3784,9198
1879,8980
2639,8449
2297,8356
2271,8356
3056,8356
2566,8356
4123,8356
3408,8356
2733,8356
760,8356
2316,8356
1525,8356
1393,8356
1734,8356
3492,8356
2600,8356
3002,8356
1113,8356
2840,8356
1908,8356
2660,8356
1726,8356
1819,8356
2699,8356
2148,8356
2777,8356
1996,8356
2530,8356
3039,8356
2285,8356
1909,8356
1273,8356
1372,8356
3476,8356
4916,8356
2885,8356
1954,8356
3447,8356
2578,8356
2301,8356
3937,8356
2966,8356
1762,8356
4097,8356
1124,8356
3817,8356
3363,8356
2121,8356
2708,8356
869,8356
423,8356
1656,8356
2350,8356
1178,8356
1189,8356
2196,8356
1938,8356
583,8356
129,8356
1417,8356
3923,8356
4220,8356
2122,8356
2288,8356
1459,8356
2323,8356
3783,8356
2969,8356
1143,8356
3180,8356
2332,8356
1749,8356
1112,8356
1935,8356
1697,8356
2337,8356
4120,8356
1978,8356
3062,8356
3715,8356
2531,8356
897,8356
3619,8356
2553,8356
1898,8356
2203,8356
796,8356
1366,8356
3618,8356
2836,8356
1677,8356
2967,8356
2885,8356
3908,8356
2293,8356
140,8356
400,8356
1785,8356
1378,8356
1839,8356
3010,8356
2027,8356
1146,8356
1041,8356
897,8356
2858,8356
4668,8356
3300,8356
3819,8356
4129,8356
1027,8356
1580,8356
1298,8356
803,8356
1441,8356
2033,8356
534,8356
2595,8356
1337,8356
2549,8356
3392,8356
4732,8356
2982,8356

==========>>>

Pos:3
Dis:112.53mm
data - cfar
31843,13105
74129,12922
96146,12449
89899,12485
67301,12958
35859,13338
40526,13517
43885,13505
39208,13618
29235,13893
7525,14066
18322,14244
6380,14267
4691,14354
6444,14258
16576,14272
4811,14226
13407,14272
10724,14224
10659,14226
11374,14303
1174,14335
5323,14376
4123,14343
3806,14311
7621,14292
8503,14268
6277,14259
9309,14287
3685,14286
6035,14328
782,14314
5043,14344
479,14285
5045,14286
3041,14252
6657,14265
4664,14254
6030,14274
4226,14266
3563,14273
2544,14260
3745,14245
2999,14207
4733,14207
3367,14188
4880,14183
4864,14187
3714,14176
4638,14179
2898,14171
2799,14162
2119,14143
2969,14103
3833,14075
5506,14065
3203,14056
5091,14054
2875,14041
3992,14052
1753,14027
2297,13998
2174,13976
3338,13941
3775,13921
4567,13895
3334,13885
5186,13855
3314,13843
3163,13817
1954,13778
2698,13721
2927,13654
3632,13643
3698,13632
3306,13596
4108,13608
3332,13548
3227,13496
2046,13442
1934,13364
1531,13337
2053,13217
3013,13165
3611,13144
2812,13102
3803,12989
1050,12931
4051,12727
1860,12422
2045,12093
2755,11769
3618,11493
3189,10967
3507,10262
3424,9519
2764,8960
1592,8745
1578,8196
1168,8168
2846,8168
2412,8168
2032,8168
3847,8168
4876,8168
2554,8168
2103,8168
3435,8168
2850,8168
2814,8168
1003,8168
3960,8168
2651,8168
1964,8168
1800,8168
1416,8168
3611,8168
2810,8168
1188,8168
2235,8168
1853,8168
4825,8168
2175,8168
2466,8168
1990,8168
2855,8168
2068,8168
2821,8168
2891,8168
514,8168
1488,8168
4030,8168
3563,8168
3318,8168
4086,8168
799,8168
2431,8168
1168,8168
3064,8168
1208,8168
2592,8168
1565,8168
2285,8168
3791,8168
2996,8168
2098,8168
2917,8168
1273,8168
920,8168
798,8168
2736,8168
2723,8168
2707,8168
723,8168
3335,8168
4064,8168
991,8168
1120,8168
1780,8168
2127,8168
403,8168
1652,8168
1015,8168
929,8168
2005,8168
2772,8168
729,8168
1101,8168
814,8168
3333,8168
3168,8168
1240,8168
2329,8168
3669,8168
2010,8168
2490,8168
1848,8168
1375,8168
2496,8168
1938,8168
2755,8168
1801,8168
1511,8168
1388,8168
1423,8168
1560,8168
909,8168
1245,8168
2060,8168
1428,8168
469,8168
1572,8168
1384,8168
2798,8168
2976,8168
847,8168
3878,8168
2799,8168
1239,8168
2610,8168
1154,8168
1761,8168
2734,8168
783,8168
2311,8168
2290,8168
1707,8168
1323,8168
1954,8168
2182,8168
1188,8168
1385,8168
1640,8168
4116,8168
2998,8168
3097,8168
3674,8168
3003,8168
2144,8168
2184,8168

==========>>>

Pos:4
Dis:150.04mm
data - cfar
52613,18413
66871,18416
64623,18199
79423,18341
46504,18601
31833,18904
39102,18923
46462,18789
51157,18980
14727,19048
40208,19280
20471,19220
20281,19319
25693,19351
13954,19375
16908,19517
7704,19590
5207,19672
5431,19657
7253,19549
16325,19412
18713,19273
18711,19245
17915,19268
13356,19320
11692,19411
5673,19476
4776,19498
5782,19457
8724,19401
10089,19322
11738,19260
11679,19202
12361,19222
9020,19250
8818,19294
6295,19271
8500,19242
7750,19154
10949,19111
10680,19073
9590,19070
7359,19060
9310,19086
6955,19030
8337,19028
6653,18989
8697,18930
9096,18859
9956,18812
9376,18771
9465,18768
8476,18742
7923,18758
5658,18722
7559,18690
7172,18632
8834,18583
7682,18494
9170,18468
10111,18417
7342,18443
6715,18449
5566,18430
5220,18387
6992,18286
7650,18207
8535,18136
8720,18096
6786,18102
7688,18133
6658,18107
6215,18095
5011,18022
6558,17905
7110,17756
8269,17624
7930,17524
6672,17510
6199,17506
6787,17504
4761,17495
6185,17398
6004,17307
6080,17144
6506,16998
7025,16856
5548,16557
6197,16484
4269,16110
4463,15782
4562,15498
6331,15238
6331,14895
6234,14306
5600,13810
7553,13336
5720,12958
4886,12481
3810,12233
6537,12233
4405,12233
6875,12233
6820,12233
4061,12233
8577,12233
4289,12233
4962,12233
4584,12233
3547,12233
5726,12233
6191,12233
5251,12233
5656,12233
3847,12233
4178,12233
3826,12233
2104,12233
5204,12233
4082,12233
4559,12233
5427,12233
6388,12233
4522,12233
4674,12233
6936,12233
4495,12233
2770,12233
1955,12233
5013,12233
6254,12233
6220,12233
3915,12233
5374,12233
2617,12233
4387,12233
5839,12233
3264,12233
4858,12233
6441,12233
1746,12233
5587,12233
6307,12233
2613,12233
4311,12233
3745,12233
3882,12233
4797,12233
3565,12233
5200,12233
3890,12233
2464,12233
5460,12233
4552,12233
1757,12233
5703,12233
1673,12233
7200,12233
4962,12233
4516,12233
7211,12233
920,12233
5032,12233
2861,12233
2774,12233
5734,12233
6581,12233
1822,12233
7577,12233
3959,12233
4026,12233
2994,12233
3411,12233
3224,12233
3400,12233
3838,12233
3040,12233
6471,12233
3909,12233
3749,12233
5338,12233
2828,12233
1974,12233
1927,12233
2736,12233
2776,12233
3214,12233
5245,12233
700,12233
4844,12233
4056,12233
3023,12233
6243,12233
4056,12233
2711,12233
4121,12233
1878,12233
1715,12233
929,12233
3118,12233
3304,12233
3633,12233
4069,12233
4609,12233
1132,12233
5068,12233
3085,12233
3357,12233
3076,12233
4744,12233
7809,12233
2037,12233
4513,12233
4085,12233
4263,12233
2708,12233
3115,12233
3746,12233
1847,12233
5534,12233

==========>>>

Pos:4
Dis:150.04mm
data - cfar
34100,15320
77080,15084
106115,14478
110320,14384
87912,14830
50185,15253
54576,15560
50644,15677
37441,15884
28722,16185
9649,16337
18726,16555
1692,16558
10348,16648
6490,16484
20192,16509
6241,16452
13937,16548
10000,16515
10687,16537
9903,16571
3991,16584
5717,16615
5102,16624
3963,16576
9079,16555
10082,16533
7074,16510
10774,16547
4103,16547
7136,16589
1268,16570
5427,16588
1940,16533
7212,16540
2947,16488
8524,16502
5021,16464
7672,16476
4286,16462
5360,16452
2204,16423
5276,16408
4133,16368
5552,16363
4521,16334
6132,16313
6333,16301
5952,16287
5439,16291
2456,16280
3110,16263
3672,16244
4852,16210
3822,16192
5786,16181
5078,16152
7362,16168
3561,16180
3889,16181
1928,16146
4232,16116
1407,16118
3820,16102
3262,16060
5722,16033
4190,16036
5210,16021
2742,16018
3367,15968
2948,15939
2716,15902
2553,15851
3866,15835
2967,15784
4548,15758
4670,15775
2928,15746
3997,15696
2663,15650
2006,15583
2420,15545
3687,15386
3550,15334
4343,15280
2013,15293
2554,15158
3144,15069
4610,14869
1590,14610
1828,14248
2032,13818
4603,13430
2426,12750
4417,11916
2669,11082
3011,10513
2158,10274
2111,9679
3410,9610
3010,9610
2394,9610
3716,9610
3800,9610
2052,9610
1711,9610
3679,9610
3076,9610
3165,9610
3529,9610
1253,9610
2741,9610
2578,9610
3980,9610
2924,9610
2842,9610
1223,9610
1348,9610
3661,9610
4044,9610
1125,9610
4899,9610
3026,9610
1768,9610
2107,9610
2698,9610
1139,9610
2999,9610
2894,9610
2193,9610
2280,9610
1417,9610
3705,9610
1913,9610
1098,9610
2237,9610
602,9610
2377,9610
2594,9610
2142,9610
3478,9610
2027,9610
1166,9610
2465,9610
2934,9610
2526,9610
2085,9610
2201,9610
4590,9610
2000,9610
3937,9610
4106,9610
1983,9610
5197,9610
4584,9610
2441,9610
1197,9610
2340,9610
5057,9610
4210,9610
868,9610
2474,9610
3613,9610
2189,9610
2881,9610
2170,9610
3396,9610
4584,9610
3566,9610
2179,9610
582,9610
3310,9610
6118,9610
5608,9610
2423,9610
3222,9610
3854,9610
2440,9610
1558,9610
1866,9610
1893,9610
2328,9610
390,9610
918,9610
2495,9610
3256,9610
2239,9610
3095,9610
1667,9610
4141,9610
2756,9610
1123,9610
2683,9610
3261,9610
2082,9610
2396,9610
2273,9610
3127,9610
4427,9610
3650,9610
2378,9610
4490,9610
4694,9610
948,9610
2398,9610
864,9610
4162,9610
4070,9610
1554,9610
2092,9610
3766,9610
1763,9610
1407,9610
2775,9610
4935,9610
3290,9610
3536,9610
4005,9610
1244,9610
791,9610

==========>>>

Pos:3
Dis:112.53mm
data - cfar
35301,13855
78798,13695
99112,13224
93845,13243
74665,13705
41451,14115
42426,14363
43480,14394
37636,14500
31841,14777
7881,14933
17136,15129
5194,15126
7400,15203
5700,15100
17151,15114
5197,15047
13454,15090
10770,15054
9772,15070
10139,15118
3302,15120
5686,15139
4458,15121
4645,15094
7458,15042
9777,15023
6096,15010
9974,15040
5209,15022
6307,15059
1370,15043
4826,15045
1438,15021
6585,15046
3867,15004
8320,15005
5016,14992
7694,15014
4677,14987
5106,14995
4041,14988
2789,14963
3016,14944
4400,14929
3897,14906
5132,14896
5410,14889
3590,14868
4921,14885
2475,14869
2757,14858
2379,14840
3969,14827
3860,14792
5923,14796
4069,14765
5591,14752
4105,14733
4381,14703
2298,14689
4040,14676
1895,14648
3601,14628
1963,14602
5599,14575
4476,14567
4917,14539
3940,14536
1893,14491
2052,14460
3276,14392
3598,14349
3456,14317
3836,14290
5018,14258
4571,14249
3273,14199
3942,14165
1490,14096
2154,14025
2444,13998
3044,13867
2016,13832
3814,13790
1571,13751
3959,13627
3309,13568
3094,13350
116,13092
2775,12796
834,12432
4317,12117
3501,11517
3122,10810
3270,10063
2245,9461
2269,9211
2124,8740
1439,8740
4332,8740
4809,8740
1043,8740
2973,8740
2876,8740
2609,8740
2632,8740
2063,8740
758,8740
2123,8740
947,8740
2554,8740
1708,8740
1261,8740
1482,8740
2622,8740
1915,8740
804,8740
1748,8740
2815,8740
1775,8740
2385,8740
2262,8740
2999,8740
1096,8740
1855,8740
994,8740
2149,8740
974,8740
4141,8740
5755,8740
3454,8740
2600,8740
4443,8740
3603,8740
723,8740
2964,8740
1269,8740
728,8740
1739,8740
3263,8740
1527,8740
2555,8740
1183,8740
2113,8740
2776,8740
2545,8740
1214,8740
3163,8740
3814,8740
2087,8740
3394,8740
1885,8740
1695,8740
2515,8740
645,8740
3196,8740
4186,8740
1567,8740
2056,8740
1849,8740
2209,8740
3371,8740
1008,8740
2333,8740
1338,8740
1480,8740
2952,8740
3384,8740
1152,8740
2402,8740
2806,8740
1610,8740
2761,8740
2337,8740
956,8740
2950,8740
3274,8740
393,8740
2719,8740
586,8740
2208,8740
894,8740
1930,8740
406,8740
4374,8740
3745,8740
601,8740
2199,8740
956,8740
3271,8740
3216,8740
1683,8740
2475,8740
2598,8740
1523,8740
2339,8740
1807,8740
3152,8740
1364,8740
3032,8740
2126,8740
1661,8740
1585,8740
2271,8740
4064,8740
1922,8740
3167,8740
5466,8740
3850,8740
1551,8740
2304,8740
5580,8740
6723,8740
5338,8740
5124,8740
4899,8740
2734,8740
1721,8740
1162,8740

==========>>>

Pos:4
Dis:150.04mm
data - cfar
64294,18417
66634,18531
51659,18251
101392,18160
76864,18080
61307,18229
84076,18481
43567,18716
31135,19137
31045,19393
11957,19474
20129,19695
3197,19633
19628,19611
21593,19553
10036,19607
10769,19717
8443,19778
875,19843
2853,19840
8424,19745
10832,19663
12832,19596
15581,19551
13760,19543
11323,19593
8492,19626
6431,19650
4671,19636
6671,19606
9201,19561
9068,19532
9693,19487
11052,19484
8767,19461
8353,19453
7641,19461
6666,19436
6932,19388
7488,19317
9257,19276
9415,19220
9451,19211
9106,19189
7841,19172
7768,19157
7182,19120
6963,19095
7737,19047
8071,19006
8733,18951
9724,18932
7976,18910
7056,18895
8017,18869
7261,18825
6383,18791
6119,18756
7630,18715
7893,18682
8398,18685
8576,18647
8694,18610
8196,18608
5770,18559
6415,18532
5526,18490
7149,18445
5774,18399
8198,18387
8175,18330
7540,18312
6705,18288
5883,18215
6784,18121
5606,18047
7103,18003
6260,17943
6216,17944
6568,17930
8224,17914
4742,17873
5404,17843
5285,17703
4171,17562
5781,17556
5510,17423
5726,17348
5896,17134
6008,16934
5212,16620
5534,16017
3995,15552
5345,15003
5704,14254
4248,13863
6059,13373
5528,12900
5894,12401
4505,12394
4772,12394
5594,12394
4120,12394
4845,12394
6327,12394
6674,12394
5012,12394
5626,12394
5638,12394
2849,12394
4785,12394
3392,12394
5522,12394
6725,12394
6936,12394
5821,12394
4127,12394
6755,12394
4193,12394
4068,12394
3363,12394
5872,12394
4414,12394
4570,12394
4627,12394
4696,12394
5955,12394
4852,12394
2473,12394
5194,12394
3922,12394
4188,12394
7527,12394
3850,12394
1603,12394
1308,12394
3409,12394
1265,12394
5906,12394
3679,12394
3265,12394
4147,12394
4094,12394
5543,12394
2855,12394
4398,12394
1908,12394
4716,12394
3308,12394
4216,12394
5066,12394
3196,12394
3270,12394
5180,12394
3820,12394
4941,12394
8001,12394
3669,12394
3424,12394
5784,12394
2523,12394
3577,12394
5166,12394
2891,12394
3543,12394
4136,12394
1032,12394
4654,12394
5946,12394
3783,12394
2654,12394
4627,12394
4751,12394
1473,12394
2429,12394
1021,12394
5003,12394
4320,12394
3382,12394
3250,12394
2145,12394
2660,12394
4796,12394
2647,12394
4375,12394
5305,12394
3378,12394
5766,12394
2474,12394
7525,12394
6707,12394
2911,12394
4395,12394
6060,12394
1784,12394
4555,12394
3749,12394
2317,12394
3099,12394
2937,12394
5029,12394
2539,12394
5628,12394
3631,12394
4749,12394
5790,12394
7394,12394
6081,12394
5779,12394
2339,12394
6153,12394
5466,12394
3570,12394
6386,12394
2260,12394
3054,12394
4922,12394
5079,12394
1364,12394
4551,12394

==========>>>

Pos:4
Dis:150.04mm
data - cfar
43774,18397
70688,18255
89916,17699
113104,17647
75997,18074
35413,18356
77628,18596
47043,18459
51519,18671
52896,18898
18519,19057
30412,19405
7872,19414
17857,19479
19059,19368
20175,19375
14665,19351
21376,19378
16813,19376
14040,19439
12324,19522
4526,19593
2937,19617
7115,19568
9901,19470
12208,19421
13174,19401
11196,19429
11307,19457
7875,19486
6763,19507
5435,19504
5649,19484
5248,19449
8024,19450
6942,19415
9097,19398
7882,19382
8334,19380
5764,19382
6158,19405
4408,19380
6188,19329
5759,19262
7952,19250
6101,19242
7181,19234
7084,19202
6547,19211
4318,19192
5163,19158
4734,19120
5396,19103
5221,19035
6246,19008
7025,18980
5904,18963
5504,18949
4039,18945
4621,18918
3997,18857
5756,18836
4372,18816
4987,18775
5590,18744
5962,18708
6439,18677
5459,18669
3298,18665
4432,18616
2417,18543
5479,18476
4027,18363
6492,18307
5223,18256
5000,18261
4279,18254
4406,18185
4112,18113
3378,18020
3491,17870
4371,17789
4888,17644
5261,17513
5142,17422
4009,17385
4022,17202
3096,17103
3089,16698
3131,16310
4977,15971
2624,15358
4616,15116
3381,14510
5466,13621
4696,12938
2195,12417
3463,12096
3657,11543
4178,11356
2974,11356
4814,11356
4075,11356
3779,11356
5220,11356
3355,11356
2130,11356
3065,11356
4407,11356
2031,11356
3506,11356
2634,11356
3653,11356
3544,11356
2444,11356
3109,11356
2586,11356
2132,11356
2928,11356
4371,11356
3309,11356
3843,11356
4278,11356
5111,11356
2623,11356
2536,11356
2297,11356
3806,11356
1852,11356
3845,11356
6415,11356
3737,11356
3437,11356
3343,11356
1014,11356
2640,11356
4445,11356
3235,11356
118,11356
1333,11356
3650,11356
5694,11356
2882,11356
1543,11356
2579,11356
2294,11356
956,11356
3426,11356
3954,11356
842,11356
3995,11356
3302,11356
1566,11356
1456,11356
3892,11356
3436,11356
1908,11356
6159,11356
5369,11356
2732,11356
2859,11356
2540,11356
1328,11356
3190,11356
5283,11356
2038,11356
4164,11356
4314,11356
1901,11356
2562,11356
1644,11356
1331,11356
2915,11356
2712,11356
4021,11356
4100,11356
2577,11356
5995,11356
3459,11356
3246,11356
5499,11356
1937,11356
5180,11356
5116,11356
690,11356
4256,11356
3609,11356
1487,11356
3188,11356
2044,11356
526,11356
2290,11356
2620,11356
2084,11356
2711,11356
4140,11356
5719,11356
5216,11356
4333,11356
1884,11356
3064,11356
4410,11356
1269,11356
4630,11356
3870,11356
1730,11356
2039,11356
1995,11356
492,11356
3085,11356
3889,11356
367,11356
5382,11356
5431,11356
1337,11356
5758,11356
5251,11356
804,11356
5058,11356
4035,11356

==========>>>

Pos:4
Dis:150.04mm
data - cfar
25886,13121
48851,13082
57253,12674
81232,12423
79935,12608
33082,12815
54848,12982
58313,12919
40026,13001
42908,13322
18021,13518
14283,13708
18342,13782
9050,13805
9801,13887
7420,13886
8274,13831
13943,13815
9110,13771
13368,13810
9642,13828
5870,13905
4472,13986
2930,14032
3334,13985
7904,13950
6825,13911
7793,13906
7338,13925
4349,13968
3869,13999
2479,14001
2199,13994
3856,13971
4955,13941
4775,13912
6533,13930
3979,13912
5954,13932
3474,13926
3668,13951
1256,13935
2275,13915
3047,13869
4752,13848
4032,13821
5834,13825
3543,13811
5145,13815
3467,13800
1945,13817
2013,13788
2902,13761
2914,13714
4250,13693
4215,13689
3951,13701
2399,13692
2355,13695
1671,13659
3314,13635
2205,13603
2700,13584
4499,13537
4214,13531
2717,13540
3239,13532
3680,13529
970,13523
1654,13492
2180,13443
3206,13392
3898,13333
4089,13346
3283,13351
3008,13351
771,13318
2741,13279
37,13189
2006,13145
1628,13005
4486,12950
2810,12898
2518,12847
3150,12780
2952,12657
1921,12565
2719,12447
1410,12128
1783,11824
2494,11376
2179,10969
1749,10736
3610,10128
2387,9502
1088,9093
340,8706
3800,8487
4638,8105
1792,7798
2825,7798
1537,7798
1772,7798
1407,7798
314,7798
1682,7798
1790,7798
1460,7798
3369,7798
1623,7798
1992,7798
1846,7798
1628,7798
1385,7798
1456,7798
710,7798
1807,7798
1599,7798
6487,7798
6620,7798
1566,7798
3417,7798
2726,7798
924,7798
1656,7798
2450,7798
2760,7798
1299,7798
1804,7798
3842,7798
3245,7798
1689,7798
3527,7798
2262,7798
1038,7798
1309,7798
888,7798
746,7798
1001,7798
2005,7798
1959,7798
2269,7798
1262,7798
1335,7798
1679,7798
1541,7798
2587,7798
1575,7798
1569,7798
1042,7798
1788,7798
2737,7798
969,7798
634,7798
1600,7798
2257,7798
797,7798
3556,7798
3487,7798
1031,7798
3122,7798
2050,7798
994,7798
1788,7798
1948,7798
1860,7798
3829,7798
2712,7798
2251,7798
5100,7798
2637,7798
1143,7798
1127,7798
1835,7798
3136,7798
2396,7798
671,7798
2180,7798
1674,7798
2066,7798
725,7798
2146,7798
2149,7798
1534,7798
2363,7798
1313,7798
2264,7798
3279,7798
4706,7798
3161,7798
1250,7798
2239,7798
1157,7798
1790,7798
1848,7798
931,7798
1315,7798
1085,7798
1462,7798
1127,7798
1784,7798
467,7798
1831,7798
909,7798
1054,7798
1916,7798
1644,7798
924,7798
2717,7798
1202,7798
1669,7798
1632,7798
889,7798
1629,7798
2017,7798
2010,7798
1339,7798
1595,7798
1076,7798
3022,7798

==========>>>

Pos:4
Dis:150.04mm
data - cfar
44698,14197
68648,14157
73899,13740
96669,13679
75731,14010
32453,14283
63342,14545
42356,14660
15917,14844
40798,15020
18757,15071
10712,15288
13178,15405
1979,15379
13805,15332
18279,15253
12450,15233
15855,15224
18222,15241
11391,15286
9043,15395
3265,15475
1290,15493
4806,15444
8651,15382
9558,15315
10450,15304
8406,15319
9645,15340
6770,15370
4032,15416
3655,15412
3667,15398
4137,15381
5505,15358
5352,15332
7434,15329
6395,15305
6153,15336
4876,15367
3476,15361
3437,15367
3573,15339
4327,15302
5201,15293
5604,15296
4469,15279
5700,15303
4247,15308
3066,15320
2482,15310
3263,15291
2650,15250
3996,15220
4633,15162
6176,15149
4951,15147
4335,15146
3404,15149
2732,15131
3183,15107
3694,15068
3368,15033
4640,14989
5054,14960
4882,14940
4530,14938
3328,14943
2666,14921
2982,14860
2239,14807
3731,14741
4525,14663
3237,14618
3837,14604
3691,14610
2868,14609
2948,14562
2801,14508
1507,14380
2888,14276
3874,14192
3956,14056
3277,13984
3089,14003
3481,13914
2452,13879
2120,13764
2750,13471
1134,13368
3823,13054
2103,12567
2462,12332
3269,11745
2707,10994
3286,10442
2167,9909
2233,9590
2486,9085
2127,9041
3692,9041
3692,9041
1949,9041
1829,9041
1936,9041
1472,9041
3331,9041
2348,9041
1537,9041
2883,9041
2402,9041
4409,9041
3439,9041
1680,9041
2568,9041
1619,9041
1903,9041
2838,9041
1749,9041
3022,9041
3639,9041
1752,9041
2080,9041
4141,9041
2032,9041
2018,9041
3223,9041
930,9041
3196,9041
4772,9041
3349,9041
3354,9041
4205,9041
985,9041
4156,9041
4379,9041
787,9041
4434,9041
3533,9041
1663,9041
4870,9041
3157,9041
1685,9041
4161,9041
2225,9041
2576,9041
3492,9041
1600,9041
1910,9041
2759,9041
533,9041
2894,9041
2875,9041
659,9041
2945,9041
2753,9041
3663,9041
3168,9041
2375,9041
1179,9041
2026,9041
1097,9041
1591,9041
2429,9041
2429,9041
884,9041
2705,9041
3623,9041
701,9041
3110,9041
2185,9041
1622,9041
2337,9041
2110,9041
3260,9041
1975,9041
3674,9041
4336,9041
1377,9041
3932,9041
3959,9041
1088,9041
5268,9041
3379,9041
2370,9041
4614,9041
1933,9041
3007,9041
2174,9041
1912,9041
2402,9041
2845,9041
665,9041
3526,9041
4625,9041
2625,9041
2187,9041
3631,9041
2828,9041
1783,9041
3911,9041
3601,9041
3052,9041
3843,9041
3658,9041
3229,9041
3026,9041
3315,9041
3299,9041
1143,9041
1023,9041
2062,9041
3012,9041
1558,9041
1509,9041
1930,9041
741,9041
1099,9041
1766,9041
1195,9041

==========>>>

Pos:4
Dis:150.04mm
data - cfar
29842,14980
50061,14894
60656,14449
86856,14265
73062,14514
28428,14575
77798,14629
63817,14747
12271,14992
47148,15297
25220,15293
10988,15550
15295,15711
4434,15688
11881,15674
17318,15594
12366,15525
19632,15504
18939,15492
11550,15546
11524,15649
4775,15693
4481,15754
3785,15722
6757,15673
7941,15620
10204,15606
8174,15596
9054,15623
5889,15641
6426,15673
4373,15665
5278,15675
3851,15651
6927,15623
5448,15598
8868,15595
6431,15586
6925,15619
5299,15622
5208,15616
4160,15605
5230,15603
5311,15586
5671,15555
5968,15554
5450,15538
5605,15544
4809,15533
4783,15525
3394,15513
3670,15489
3836,15448
4755,15430
3904,15396
4942,15374
3639,15357
4423,15346
2250,15335
3467,15324
2122,15267
3621,15230
2149,15177
4500,15133
4828,15104
5434,15080
4057,15066
3256,15065
2820,15065
1895,15000
2762,14946
3827,14866
3566,14800
4600,14738
4977,14728
3181,14717
3474,14699
3881,14618
2377,14550
3523,14431
4016,14279
3743,14176
4989,14049
4258,13968
3889,13949
3711,13844
3627,13787
2583,13610
2098,13272
1101,13199
3090,12698
3365,12070
4506,11861
3533,11288
3245,10615
3613,10162
1979,9804
1620,9576
4274,9205
2887,8927
2863,8927
3154,8927
959,8927
1955,8927
1506,8927
2090,8927
805,8927
4286,8927
3314,8927
1964,8927
4505,8927
2729,8927
2809,8927
2871,8927
1296,8927
1091,8927
2699,8927
2010,8927
3171,8927
2919,8927
1824,8927
3234,8927
3564,8927
2593,8927
933,8927
3385,8927
2688,8927
2401,8927
4087,8927
4311,8927
1218,8927
3989,8927
2739,8927
2473,8927
4017,8927
1404,8927
944,8927
2189,8927
4774,8927
3259,8927
1586,8927
3861,8927
1506,8927
2991,8927
2722,8927
1618,8927
2958,8927
1434,8927
2166,8927
3615,8927
2122,8927
1261,8927
2555,8927
1114,8927
3744,8927
3198,8927
582,8927
2916,8927
1159,8927
2529,8927
3484,8927
1804,8927
966,8927
3741,8927
3711,8927
311,8927
2388,8927
1653,8927
1405,8927
115,8927
2131,8927
1977,8927
1407,8927
416,8927
2988,8927
4041,8927
1698,8927
840,8927
1443,8927
1712,8927
783,8927
1368,8927
2466,8927
1136,8927
1854,8927
3497,8927
1678,8927
1641,8927
2369,8927
394,8927
712,8927
1690,8927
3126,8927
1615,8927
3936,8927
2386,8927
2645,8927
3378,8927
2137,8927
3049,8927
2881,8927
3908,8927
1163,8927
3511,8927
2539,8927
2901,8927
2481,8927
3317,8927
2313,8927
1978,8927
3579,8927
1848,8927
1559,8927
1022,8927
3421,8927
2713,8927
842,8927
1614,8927
194,8927
3272,8927

==========>>>

Pos:3
Dis:112.53mm
data - cfar
21546,25291
80882,25075
109393,24594
82647,24595
80530,25018
56972,25099
74347,25014
89414,25152
39100,25366
42567,25909
21241,26111
14150,26371
10919,26483
5944,26497
12268,26358
24609,26290
14663,26140
26910,26143
21352,26054
24506,26091
21260,26148
13391,26240
10569,26338
8288,26325
10897,26246
16318,26140
17165,26053
17610,26026
16927,26019
14764,26031
13801,26041
11529,26035
12809,26026
11831,25957
14328,25891
13882,25817
15765,25809
13238,25752
14359,25776
10963,25775
11841,25792
10495,25708
12003,25665
10967,25575
13070,25531
13516,25441
15840,25437
9392,25374
15026,25405
9082,25324
11192,25327
10192,25212
12846,25149
10756,25069
12933,25038
11466,24959
13030,24944
9701,24902
10103,24888
9685,24805
10559,24745
9978,24649
11764,24572
12296,24511
11343,24465
10004,24414
10220,24378
9861,24310
9097,24257
9534,24176
9284,24065
10031,23977
10131,23865
10894,23812
9428,23815
8750,23786
8482,23737
8563,23608
8340,23439
8863,23328
9107,23131
10700,23068
8114,22910
10424,22872
7206,22881
8306,22837
7227,22773
7803,22644
7735,22331
9997,22086
7239,21388
9156,20872
7484,20439
7214,19868
7566,19234
7919,18427
6751,17821
7924,17677
8162,17064
7283,16351
8376,16351
9398,16351
7340,16351
6841,16351
5277,16351
8343,16351
8480,16351
8533,16351
7146,16351
7180,16351
6471,16351
8151,16351
6349,16351
6305,16351
7446,16351
7380,16351
7708,16351
6263,16351
8208,16351
5285,16351
6641,16351
5513,16351
5766,16351
6445,16351
6240,16351
6871,16351
5657,16351
7601,16351
6861,16351
5351,16351
5069,16351
6324,16351
7855,16351
3850,16351
7874,16351
8595,16351
7920,16351
3470,16351
5169,16351
4123,16351
6710,16351
6306,16351
6030,16351
4736,16351
6220,16351
6593,16351
4919,16351
5068,16351
5027,16351
5729,16351
5567,16351
4364,16351
5377,16351
5153,16351
5745,16351
4745,16351
5511,16351
5682,16351
5880,16351
7967,16351
4241,16351
4264,16351
5440,16351
4376,16351
7300,16351
6070,16351
4501,16351
6588,16351
3844,16351
3506,16351
7299,16351
4556,16351
6251,16351
4466,16351
3593,16351
7744,16351
4409,16351
5862,16351
5965,16351
3918,16351
7248,16351
2198,16351
6642,16351
4277,16351
5670,16351
7603,16351
2315,16351
6472,16351
2132,16351
6691,16351
2711,16351
6736,16351
4413,16351
3555,16351
3856,16351
5164,16351
3135,16351
7033,16351
7127,16351
252,16351
5469,16351
4633,16351
5098,16351
6230,16351
2893,16351
7043,16351
4241,16351
4401,16351
7212,16351
4632,16351
5150,16351
5043,16351
2228,16351
4501,16351
5167,16351
3854,16351
9134,16351
3402,16351
4982,16351
3720,16351

==========>>>

Pos:4
Dis:150.04mm
data - cfar
9323,22480
46812,22247
74904,21592
93685,21376
74509,21652
38652,21689
89667,21783
63095,21747
41363,22043
51520,22488
4091,22519
35643,22822
13151,22684
19625,22816
16802,22746
20739,22771
14855,22698
24484,22697
19084,22638
20637,22687
15832,22758
9620,22839
7789,22875
10129,22836
12402,22736
15859,22676
16384,22610
15811,22595
15474,22604
12231,22623
10819,22659
9234,22663
9812,22631
9360,22583
11326,22548
11034,22517
13612,22489
10240,22472
12255,22461
9945,22429
11023,22410
8298,22383
10052,22383
8351,22318
11018,22293
10106,22203
12691,22201
9820,22158
11397,22160
8326,22109
8576,22103
7028,22037
10059,21988
9539,21899
10333,21874
9085,21811
10812,21787
9477,21728
7963,21709
8224,21677
6867,21631
8125,21582
7781,21502
9533,21442
9387,21380
9786,21357
7589,21342
7258,21308
7942,21245
7301,21149
6743,21042
9402,20961
7045,20870
8907,20808
7752,20745
7933,20731
6441,20695
7872,20625
5781,20499
7389,20376
6534,20208
8410,20121
7604,19967
8537,19881
7871,19754
7059,19683
5949,19447
6835,19455
6808,19074
6383,18779
6845,18296
6695,17622
7399,17332
6948,16780
7242,16086
5059,15517
6857,15190
5394,15143
6515,14801
7528,14226
5666,13807
8026,13807
7226,13807
5061,13807
5736,13807
4090,13807
5069,13807
5925,13807
5177,13807
5751,13807
7202,13807
6044,13807
6828,13807
4735,13807
5704,13807
3336,13807
7360,13807
3955,13807
6757,13807
5554,13807
4295,13807
5704,13807
4462,13807
4430,13807
4389,13807
5323,13807
5571,13807
5721,13807
4277,13807
5336,13807
6362,13807
8108,13807
3502,13807
5885,13807
3132,13807
4700,13807
3183,13807
7402,13807
6515,13807
4736,13807
6487,13807
2919,13807
5691,13807
4372,13807
4196,13807
3727,13807
4693,13807
6063,13807
4856,13807
3056,13807
4150,13807
3433,13807
4312,13807
2453,13807
5009,13807
5604,13807
4515,13807
6957,13807
3627,13807
4952,13807
3497,13807
4903,13807
5274,13807
4655,13807
4016,13807
2723,13807
3753,13807
5833,13807
6466,13807
2899,13807
3130,13807
3510,13807
5224,13807
4712,13807
5641,13807
2231,13807
5862,13807
4007,13807
3252,13807
5283,13807
3028,13807
1610,13807
4635,13807
4857,13807
3735,13807
3963,13807
1877,13807
5227,13807
2062,13807
5153,13807
3422,13807
2752,13807
3583,13807
4847,13807
4166,13807
2322,13807
4129,13807
759,13807
3869,13807
1568,13807
3642,13807
3499,13807
4208,13807
3385,13807
2807,13807
1626,13807
4588,13807
2490,13807
3702,13807
4230,13807
2209,13807
4760,13807
3266,13807
5594,13807
3583,13807
1899,13807
4910,13807
3445,13807
3285,13807
3974,13807

==========>>>

Pos:5
Dis:187.55mm
data - cfar
21405,24655
54848,24466
74568,23947
86652,23687
88517,23936
45318,23919
85351,23995
78279,23965
49531,24124
63444,24582
19688,24654
39891,25009
18077,25014
19004,25174
17874,25116
23279,25144
14821,25082
24412,25089
21001,25035
20152,25075
17938,25135
10998,25203
10802,25245
10018,25221
12150,25163
15543,25073
17549,25011
15950,24976
16800,25006
11913,25021
13694,25047
8844,25018
12558,25008
9077,24948
13707,24914
11758,24864
14974,24845
12371,24813
14516,24824
9760,24796
12140,24775
9037,24748
10769,24762
8843,24666
13380,24648
10443,24567
14062,24558
10987,24505
11108,24502
9375,24470
10971,24444
8511,24373
10131,24337
9406,24240
12142,24203
10288,24157
11587,24135
10430,24083
8822,24060
9606,24015
7492,23953
9182,23886
7953,23807
10736,23721
9263,23670
9826,23626
8423,23582
9539,23532
7341,23481
9169,23423
7293,23307
9339,23201
8423,23073
10669,23023
7807,22985
9247,22960
6314,22887
8406,22804
6096,22674
8480,22542
7197,22358
8308,22300
7488,22145
8899,22030
7816,21928
7820,21820
6341,21540
6940,21433
6542,20975
7388,20618
6831,20011
8846,19349
7969,19030
6716,18372
7642,17745
6593,17178
8336,16805
4033,16680
6107,16255
8410,15672
9049,15266
4530,15266
8216,15266
7267,15266
5625,15266
5918,15266
6370,15266
6021,15266
7697,15266
6036,15266
6820,15266
6872,15266
6948,15266
5856,15266
6949,15266
4662,15266
6073,15266
5463,15266
6767,15266
5914,15266
7959,15266
4540,15266
5319,15266
4097,15266
7326,15266
7045,15266
4834,15266
5449,15266
3938,15266
6471,15266
5612,15266
7583,15266
5435,15266
6230,15266
5803,15266
4983,15266
2344,15266
9150,15266
8705,15266
4426,15266
6748,15266
5046,15266
5052,15266
4846,15266
4406,15266
7037,15266
5077,15266
5811,15266
4344,15266
4646,15266
4338,15266
7140,15266
4544,15266
4079,15266
4850,15266
5842,15266
4956,15266
4850,15266
4959,15266
2860,15266
4566,15266
4568,15266
3570,15266
4839,15266
6221,15266
7240,15266
3266,15266
3374,15266
2663,15266
4282,15266
6048,15266
3257,15266
2382,15266
4336,15266
5859,15266
3047,15266
3232,15266
6531,15266
5310,15266
2794,15266
6487,15266
1877,15266
3456,15266
4921,15266
6463,15266
4250,15266
3690,15266
1976,15266
4894,15266
3965,15266
5854,15266
4371,15266
3929,15266
5123,15266
1032,15266
5778,15266
6605,15266
2848,15266
3237,15266
885,15266
4970,15266
5294,15266
3257,15266
2068,15266
3332,15266
3147,15266
2536,15266
4564,15266
2231,15266
3070,15266
5768,15266
5088,15266
2256,15266
3077,15266
2507,15266
5861,15266
5626,15266
4935,15266
1245,15266
5200,15266

==========>>>

Pos:7
Dis:262.57mm
data - cfar
37729,17116
48745,17092
50205,16790
77581,16804
45020,16705
62715,16646
86144,16567
54362,16591
58283,17003
35417,17268
20149,17563
19778,17779
6436,17757
22589,17711
24225,17659
12463,17698
15639,17775
13655,17863
648,17954
1668,17968
8567,17883
10554,17773
13297,17735
12797,17710
12311,17723
10369,17770
5569,17818
5388,17832
5214,17805
6984,17747
9048,17699
9086,17653
8899,17622
10680,17638
6052,17639
7121,17666
4359,17636
7636,17620
5850,17542
9212,17505
7175,17445
9629,17429
6247,17407
8217,17446
4231,17418
6793,17429
4878,17345
8130,17317
7243,17215
9516,17196
7416,17137
8688,17157
5607,17136
5453,17153
4547,17088
6249,17058
6283,16965
8064,16929
6365,16871
6981,16868
5793,16836
5455,16830
4686,16802
4784,16767
4796,16696
5080,16633
6678,16554
6569,16493
5786,16464
4954,16451
4867,16434
3924,16414
4074,16349
4178,16261
5458,16196
4009,16088
5340,16037
4485,15978
4744,15989
4486,16013
3313,15932
3577,15813
6005,15730
4738,15573
4359,15420
4732,15405
4115,15275
3582,15137
3107,14882
2323,14429
4723,14008
3856,13317
4217,12838
4661,12486
5585,11897
1991,11526
5281,11176
3732,10879
3625,10525
3613,10131
4630,10080
5336,10080
3145,10080
3290,10080
3847,10080
2424,10080
2506,10080
2466,10080
4346,10080
3013,10080
4094,10080
4030,10080
2738,10080
2724,10080
1996,10080
1457,10080
3595,10080
3045,10080
3454,10080
4008,10080
2936,10080
2772,10080
3081,10080
1473,10080
2917,10080
2177,10080
4278,10080
2876,10080
2783,10080
3774,10080
3042,10080
1894,10080
3153,10080
2567,10080
1896,10080
1231,10080
4191,10080
1290,10080
4534,10080
4097,10080
2439,10080
3715,10080
1982,10080
4245,10080
1244,10080
4095,10080
2181,10080
3471,10080
2090,10080
2261,10080
732,10080
3195,10080
1337,10080
2836,10080
2448,10080
3280,10080
2633,10080
1310,10080
2517,10080
993,10080
2127,10080
2784,10080
843,10080
2051,10080
1548,10080
1917,10080
1376,10080
2085,10080
1453,10080
2795,10080
4385,10080
821,10080
3163,10080
1755,10080
2303,10080
2431,10080
2245,10080
2104,10080
3347,10080
5172,10080
1911,10080
3861,10080
2571,10080
998,10080
1427,10080
2061,10080
1712,10080
506,10080
2016,10080
2137,10080
751,10080
3884,10080
2544,10080
1703,10080
2306,10080
1113,10080
3764,10080
3248,10080
221,10080
3186,10080
2996,10080
2125,10080
1810,10080
1785,10080
3004,10080
2757,10080
5398,10080
2725,10080
1835,10080
1971,10080
965,10080
1497,10080
666,10080
1498,10080
1985,10080
1325,10080
1545,10080
1751,10080
1750,10080
3583,10080

==========>>>

Pos:4
Dis:150.04mm
data - cfar
33664,17542
66556,17358
88639,16750
110341,16571
88618,16914
44704,17136
82462,17292
68194,17334
38584,17607
48397,17973
20543,18205
11301,18472
11917,18566
7824,18529
17292,18504
17017,18474
12561,18441
20360,18446
16086,18407
15993,18471
13427,18540
7319,18620
4650,18693
2591,18711
5272,18645
9351,18584
10296,18533
10102,18536
9417,18538
7611,18548
6502,18576
4773,18591
5022,18584
4711,18539
7197,18517
6741,18467
7636,18458
6344,18442
7578,18427
5810,18444
4988,18488
3059,18472
5328,18467
4868,18420
7001,18386
6766,18359
6998,18364
5004,18381
5629,18405
3887,18398
3671,18399
3377,18349
4875,18302
5357,18253
5863,18229
6212,18210
5090,18201
4946,18201
4160,18163
4567,18144
3480,18117
3843,18083
4584,18049
4469,17995
6051,17976
5689,17952
4653,17952
3756,17922
4046,17887
3609,17841
3077,17774
5057,17715
2907,17667
6148,17663
4662,17635
4396,17625
4166,17589
4346,17537
1599,17418
3613,17322
3830,17164
3495,17075
4206,16957
4346,16840
2194,16793
4446,16709
4593,16673
1350,16562
3699,16208
2545,15922
3870,15408
5301,14773
4333,14479
4214,13832
3663,12996
2287,12320
3630,11824
2388,11594
2019,11102
2961,10706
3737,10706
4562,10706
4651,10706
3085,10706
3007,10706
2475,10706
3474,10706
1878,10706
3687,10706
3464,10706
6338,10706
5059,10706
2464,10706
3541,10706
1997,10706
2883,10706
4294,10706
2904,10706
2887,10706
4850,10706
2470,10706
2870,10706
3495,10706
3501,10706
1113,10706
1743,10706
2705,10706
3948,10706
2952,10706
2778,10706
3475,10706
1101,10706
1884,10706
2323,10706
775,10706
4992,10706
5955,10706
2652,10706
5437,10706
3876,10706
2511,10706
3553,10706
2045,10706
4649,10706
3742,10706
3527,10706
2856,10706
1674,10706
2413,10706
3361,10706
3086,10706
2736,10706
998,10706
2835,10706
550,10706
3716,10706
2614,10706
3254,10706
3438,10706
2588,10706
3464,10706
2139,10706
2455,10706
1120,10706
2036,10706
2931,10706
2666,10706
2079,10706
6314,10706
4422,10706
516,10706
1452,10706
2456,10706
3942,10706
421,10706
3437,10706
2188,10706
1878,10706
2628,10706
1123,10706
2143,10706
1485,10706
5884,10706
5838,10706
1443,10706
4897,10706
4701,10706
3776,10706
7847,10706
4976,10706
2454,10706
2402,10706
2449,10706
4235,10706
3658,10706
3028,10706
1498,10706
1556,10706
2169,10706
3435,10706
1363,10706
1661,10706
3081,10706
2432,10706
908,10706
2060,10706
1978,10706
1633,10706
2694,10706
4409,10706
2060,10706
3904,10706
3185,10706
3354,10706
5569,10706
3493,10706
2204,10706
3490,10706
1752,10706
606,10706

==========>>>

Pos:2
Dis:75.02mm
data - cfar
37525,11787
56697,11861
46288,11758
51758,11787
52880,11989
20123,11980
52515,11987
53238,12018
15979,12152
36229,12378
23592,12416
10545,12564
15556,12682
8345,12664
13190,12667
14328,12660
7461,12638
16249,12630
16716,12599
9986,12633
11466,12715
4536,12755
2803,12803
4070,12780
6722,12733
6856,12676
9093,12663
7199,12673
7591,12715
3199,12732
4898,12762
3249,12752
3874,12742
3069,12715
6633,12703
4356,12673
6006,12673
5447,12667
5417,12690
3411,12713
3259,12724
2221,12700
3008,12683
3184,12659
3609,12610
5123,12569
5896,12550
3748,12563
3351,12563
3970,12564
2089,12557
2441,12532
3334,12482
5174,12454
3819,12445
4193,12439
3820,12430
4548,12428
2295,12425
2667,12423
1734,12381
3099,12341
2386,12289
4875,12239
4283,12207
4180,12193
3016,12188
2998,12175
1811,12163
2961,12136
1861,12092
3021,12032
3616,11978
3910,11937
3469,11919
2391,11917
3437,11895
2861,11829
1901,11782
2190,11673
1421,11558
2789,11502
3784,11384
3391,11310
2427,11275
1936,11167
3254,11108
1831,10923
2246,10676
1051,10545
3189,10143
2167,9730
2938,9586
2351,9185
2020,8816
804,8467
2265,8029
1176,7733
2113,7303
1829,7258
1728,7258
2596,7258
3399,7258
2965,7258
1735,7258
1268,7258
1181,7258
1319,7258
1689,7258
2729,7258
2598,7258
1922,7258
3160,7258
2702,7258
881,7258
1438,7258
983,7258
1336,7258
1108,7258
2690,7258
2083,7258
1341,7258
1863,7258
3852,7258
2398,7258
1671,7258
2526,7258
2401,7258
1077,7258
4232,7258
3800,7258
1589,7258
1832,7258
2044,7258
2961,7258
3100,7258
2678,7258
412,7258
1921,7258
2176,7258
1182,7258
812,7258
214,7258
1924,7258
2061,7258
1787,7258
1925,7258
2080,7258
1969,7258
1405,7258
2932,7258
806,7258
1919,7258
1083,7258
1798,7258
2387,7258
943,7258
671,7258
866,7258
1467,7258
855,7258
266,7258
1316,7258
913,7258
1524,7258
3092,7258
2772,7258
2167,7258
2126,7258
1941,7258
618,7258
2048,7258
1077,7258
2640,7258
2792,7258
1492,7258
2593,7258
1882,7258
1434,7258
3383,7258
2099,7258
1763,7258
2510,7258
486,7258
2659,7258
800,7258
2156,7258
2167,7258
1014,7258
1980,7258
2868,7258
2008,7258
375,7258
1311,7258
1753,7258
2857,7258
2376,7258
996,7258
1092,7258
688,7258
1664,7258
3236,7258
2230,7258
1380,7258
1709,7258
808,7258
3223,7258
2805,7258
639,7258
2095,7258
2214,7258
3089,7258
2001,7258
756,7258
1048,7258
825,7258
1501,7258
2690,7258
680,7258
2452,7258

==========>>>

Pos:4
Dis:150.04mm
data - cfar
38670,14791
66987,14763
71812,14367
88980,14287
76035,14493
45782,14600
74186,14689
64307,14700
43204,14990
35174,15411
11035,15655
13134,15912
1934,15920
11537,15921
14896,15826
14021,15832
11361,15791
18320,15795
13010,15799
10815,15864
8477,15982
2307,16077
1587,16084
6365,16059
7396,15972
10320,15946
8837,15903
8234,15915
6971,15965
4259,16017
3689,16073
3205,16078
3225,16070
4968,16046
6307,16004
6049,15982
7268,15972
5243,15963
4194,16027
2817,16103
3580,16121
3337,16138
5519,16163
5108,16122
5689,16122
7284,16084
7342,16093
3835,16143
1972,16194
2012,16198
3874,16195
3821,16132
5621,16093
4640,16057
5771,16060
3710,16048
3839,16055
2721,16061
1790,16064
2928,16026
4356,15987
4438,15932
4608,15914
4285,15870
5186,15861
4379,15892
1954,15904
1610,15912
2663,15895
1968,15828
4740,15771
5118,15699
3220,15641
4146,15619
2104,15591
3100,15627
1873,15617
1812,15582
2163,15487
4265,15401
3003,15280
3469,15209
2844,15120
3415,15038
1245,14969
3110,14983
3201,14871
3389,14807
2624,14524
4424,14203
3380,13696
3354,13155
3468,12831
2813,12237
4196,11589
2212,11048
2959,10537
4196,10256
2379,9730
3125,9648
2861,9648
2193,9648
2983,9648
2197,9648
2150,9648
2678,9648
4172,9648
2604,9648
4563,9648
3163,9648
3413,9648
3489,9648
1703,9648
2478,9648
4240,9648
557,9648
5976,9648
4664,9648
1935,9648
3961,9648
1936,9648
2399,9648
539,9648
2920,9648
3700,9648
4637,9648
5004,9648
1502,9648
4612,9648
5267,9648
1809,9648
4116,9648
2100,9648
1422,9648
6566,9648
9708,9648
4141,9648
8754,9648
8407,9648
2911,9648
6356,9648
3026,9648
3140,9648
4866,9648
3162,9648
2544,9648
5346,9648
2916,9648
3071,9648
3105,9648
3620,9648
3227,9648
1100,9648
2403,9648
2282,9648
1032,9648
2970,9648
2015,9648
3636,9648
1527,9648
3573,9648
4845,9648
1156,9648
2929,9648
2156,9648
1632,9648
3450,9648
981,9648
2426,9648
1595,9648
2710,9648
3868,9648
683,9648
3104,9648
1139,9648
3308,9648
4321,9648
1032,9648
3134,9648
2301,9648
3009,9648
3564,9648
1031,9648
2437,9648
607,9648
2446,9648
894,9648
4659,9648
4140,9648
1671,9648
5588,9648
3478,9648
2241,9648
3278,9648
583,9648
2335,9648
2786,9648
1722,9648
2134,9648
3755,9648
4396,9648
2488,9648
2486,9648
2790,9648
1958,9648
2420,9648
988,9648
4140,9648
2139,9648
3089,9648
4010,9648
2458,9648
5738,9648
2960,9648
3759,9648
4549,9648
806,9648
4355,9648
2294,9648
3008,9648

==========>>>

Pos:4
Dis:150.04mm
data - cfar
29611,12963
48541,12869
60587,12466
81081,12325
67251,12503
37501,12658
60571,12818
47181,12784
38836,12939
39757,13217
11492,13407
13353,13654
8979,13722
2554,13737
12996,13684
14791,13642
7792,13607
16535,13638
12048,13595
12055,13645
8478,13704
3476,13775
2691,13802
4989,13782
5034,13714
9120,13673
8059,13645
8772,13627
8652,13677
3726,13704
4510,13726
2634,13728
2572,13720
3907,13684
5140,13671
4910,13650
6726,13648
5004,13659
5958,13673
3081,13690
2948,13719
1902,13713
2897,13702
2829,13682
4370,13687
892,13643
5062,13628
5276,13589
4733,13620
2043,13609
3710,13597
2423,13555
3474,13560
3687,13535
3683,13519
3484,13514
3357,13511
2763,13509
2293,13506
2352,13486
1255,13455
2880,13412
2999,13360
4220,13332
3787,13320
3357,13314
2738,13312
3962,13296
3107,13287
1200,13249
3476,13208
2446,13131
4103,13066
5104,13040
2970,13023
2766,13046
2599,13031
2227,12992
2522,12921
2919,12847
1142,12735
3041,12691
2662,12566
3963,12495
1893,12490
2549,12464
1036,12380
2663,12302
2055,12009
2818,11706
4503,11346
2241,10885
3500,10616
3885,10103
1418,9480
2390,9029
1588,8650
1786,8422
2815,8052
2222,7753
3302,7753
2700,7753
2423,7753
1578,7753
1548,7753
1655,7753
1211,7753
1558,7753
2228,7753
3363,7753
3089,7753
2623,7753
2078,7753
2327,7753
1842,7753
799,7753
1131,7753
2113,7753
2748,7753
1956,7753
2927,7753
1994,7753
2721,7753
705,7753
3169,7753
2300,7753
676,7753
1857,7753
1782,7753
1692,7753
4946,7753
3132,7753
2426,7753
3791,7753
386,7753
2419,7753
2395,7753
2388,7753
2039,7753
3626,7753
2239,7753
219,7753
1366,7753
2670,7753
2914,7753
1763,7753
1482,7753
1088,7753
1550,7753
2470,7753
817,7753
1881,7753
641,7753
1468,7753
1679,7753
2000,7753
1597,7753
1968,7753
1282,7753
2451,7753
2807,7753
375,7753
2525,7753
2193,7753
1102,7753
3324,7753
2939,7753
1119,7753
2562,7753
2257,7753
1522,7753
3140,7753
790,7753
3262,7753
3414,7753
1529,7753
2944,7753
1921,7753
1751,7753
2927,7753
1808,7753
2761,7753
3437,7753
1159,7753
4348,7753
2358,7753
1730,7753
2923,7753
2786,7753
1489,7753
1015,7753
1092,7753
959,7753
1196,7753
2296,7753
1996,7753
1406,7753
2372,7753
317,7753
1808,7753
898,7753
1669,7753
2212,7753
759,7753
2050,7753
667,7753
2078,7753
1965,7753
712,7753
765,7753
1717,7753
1812,7753
1011,7753
2211,7753
205,7753
2138,7753
754,7753
2167,7753
2501,7753
1141,7753

==========>>>

Pos:4
Dis:150.04mm
data - cfar
32320,12598
48261,12630
43965,12308
73864,12094
73862,12204
29386,12310
60172,12455
54523,12433
30178,12603
38657,12924
13203,13052
13703,13286
11244,13346
5674,13363
10966,13340
14399,13324
7911,13276
16243,13283
12783,13238
11365,13297
10741,13386
2593,13434
3275,13497
3452,13472
5182,13437
8038,13406
8255,13368
6482,13359
7909,13390
3844,13418
3683,13454
2533,13459
2587,13463
3455,13430
5254,13408
3998,13383
6542,13375
4045,13357
5847,13372
3243,13398
3755,13417
1285,13411
3295,13419
3971,13351
7795,13318
5877,13314
4090,13328
4427,13358
2505,13387
1423,13391
1961,13374
2208,13351
3526,13307
4016,13251
4392,13230
4196,13214
3973,13229
3963,13240
627,13245
2622,13234
1789,13182
4689,13150
3453,13122
3631,13090
4258,13085
2754,13072
3710,13068
2690,13057
2040,13058
2055,13011
2753,12955
4079,12898
3148,12846
3013,12824
2384,12815
2673,12795
2810,12782
3003,12713
1453,12627
3517,12543
3062,12417
3916,12387
1306,12286
3043,12210
3497,12174
1454,12118
667,12023
2591,11930
1660,11625
2702,11394
3328,10961
2842,10489
2749,10256
3587,9675
4147,9113
1507,8782
2937,8437
2691,8182
2216,7834
2629,7686
3054,7686
2442,7686
1847,7686
1389,7686
2682,7686
975,7686
2298,7686
2959,7686
1563,7686
2848,7686
3344,7686
1531,7686
3015,7686
2313,7686
1387,7686
3344,7686
4102,7686
860,7686
3322,7686
1735,7686
3350,7686
4121,7686
504,7686
1515,7686
1567,7686
2789,7686
1906,7686
2993,7686
3104,7686
2816,7686
2234,7686
3395,7686
2471,7686
1331,7686
1222,7686
3661,7686
1810,7686
3243,7686
5415,7686
2278,7686
2456,7686
3071,7686
621,7686
2461,7686
2344,7686
542,7686
2027,7686
3198,7686
2409,7686
2912,7686
1906,7686
1321,7686
2705,7686
1632,7686
2437,7686
2340,7686
1459,7686
3414,7686
2304,7686
776,7686
2042,7686
1037,7686
409,7686
1645,7686
2340,7686
1962,7686
1407,7686
2143,7686
1748,7686
688,7686
1851,7686
574,7686
1499,7686
748,7686
1238,7686
2241,7686
2697,7686
1847,7686
1670,7686
847,7686
1255,7686
1850,7686
725,7686
1683,7686
1967,7686
1742,7686
776,7686
461,7686
113,7686
1582,7686
1399,7686
1458,7686
3103,7686
781,7686
3750,7686
4217,7686
1588,7686
1899,7686
1926,7686
1400,7686
1014,7686
1008,7686
1572,7686
2177,7686
327,7686
2018,7686
833,7686
2169,7686
1914,7686
1273,7686
2777,7686
2661,7686
748,7686
2322,7686
2264,7686
4063,7686
3267,7686
2146,7686
4683,7686
1711,7686

==========>>>

Pos:7
Dis:262.57mm
data - cfar
5764,19986
26512.767123,19754.136986
55496.328767,19244.442922
71100.534247,18883.890411
74316.173516,18800.776256
66681.365297,18689.205479
82923.931507,18730.315068
70151.063927,18917.406393
41477.082192,19160.808219
50208.328767,19527.767123
22997.968037,19693.484018
20030.068493,19902.200913
23043.287671,20040.643836
6163.210046,20104.351598
13661.109589,20152.863014
16025.287671,20103.767123
10288.757991,20013.881279
21275.744292,19970.43379
18840.657534,19877.260274
20567.789954,19886.447489
18946.210046,19924.694064
13127.369863,20004.739726
9575.812785,20098.712329
5023.579909,20154.3379
5747.054795,20135.890411
10528.333333,20059.319635
12136.625571,19971.13242
13625.534247,19931.917808
13504.894977,19923.022831
11420.844749,19938.908676
10485.438356,19955.164384
9231.214612,19957.56621
8882.995434,19958.415525
7423.150685,19934.547945
9054.858447,19901.246575
9906.465753,19856.981735
10640.219178,19827.575342
9799.885845,19804.447489
10554.557078,19791.429224
9245.246575,19783.205479
8728.6621,19792.694064
6700.826484,19783.109589
6724.246575,19766.219178
6806.744292,19714.022831
8883.840183,19668.045662
9479.30137,19610.287671
9415.283105,19586.858447
8402.200913,19578.018265
7881.328767,19578.917808
7051.789954,19574.634703
6633.292237,19560.826484
6651.547945,19534.424658
6788.981735,19485.694064
7675.484018,19422.30137
8148.09589,19369.273973
8436.369863,19329.607306
8966.356164,19305.511416
8011.958904,19291.09589
6676.328767,19272.237443
6387.575342,19239.86758
6305.630137,19186.205479
6990.063927,19129.995434
6652.922374,19070.178082
6630.69863,19017.09589
7795.894977,18963.30137
7758.598174,18920.3379
7089.260274,18881.69863
7070.03653,18847.968037
6415.972603,18806.260274
5588.493151,18745.69863
5945.461187,18671.009132
6205.004566,18579.114155
7001.739726,18496.260274
6506.666667,18439.666667
6829.360731,18423.922374
6381.657534,18399.643836
6177.383562,18374.538813
4987.03653,18312.835616
5176.164384,18197.287671
4680.849315,18059.182648
5677.26484,17916.73516
6051.890411,17761.726027
7638.753425,17692.105023
6461.378995,17583.689498
6228.60274,17542.465753
4443.251142,17510.214612
5444.977169,17365.315068
4890.013699,17236.260274
5503.511416,17051.442922
5368.497717,16680.83105
6591.534247,16353.30137
5750.406393,15801.744292
6311.493151,15202.652968
6162.849315,14693.780822
5377.657534,14160.410959
3858.616438,13647.575342
5265.232877,13268.315068
4528.447489,13103.004566
4363.954338,13050.995434
5693.315068,12830.671233
5606.621005,12394.324201
6182.872146,11898.575342
4413.780822,11846
7133.223744,11846
3612.726027,11846
5534.684932,11846
4204.844749,11846
5122.105023,11846
4419.219178,11846
5876.607306,11846
6225.392694,11846
5763.438356,11846
3752.826484,11846
4362.328767,11846
2766.328767,11846
4206.187215,11846
3370.757991,11846
4482.041096,11846
4041.324201,11846
4477.365297,11846
6163.054795,11846
5529.730594,11846
3421.474886,11846
3850.219178,11846
4015.538813,11846
4188.246575,11846
4358.534247,11846
4377.278539,11846
4880.447489,11846
3986.013699,11846
4881.890411,11846
4378.547945,11846
3926.041096,11846
3800.452055,11846
4813.538813,11846
2731.917808,11846
4764.538813,11846
3696.219178,11846
4903.410959,11846
4671.059361,11846
3823.826484,11846
5265.630137,11846
2221.748858,11846
3687.283105,11846
3855.876712,11846
4377.977169,11846
4958,11846
4709.287671,11846
5142.616438,11846
3889.872146,11846
3094.479452,11846
3328.954338,11846
3186.073059,11846
3257.657534,11846
3573.054795,11846
3585.808219,11846
3717.945205,11846
3746.39726,11846
2950.968037,11846
3490.630137,11846
3830.16895,11846
2718.388128,11846
2756.986301,11846
3252.835616,11846
3864.506849,11846
3439.506849,11846
3011.949772,11846
3843.525114,11846
2796.410959,11846
2206.922374,11846
3401.557078,11846
2551.90411,11846
2484.155251,11846
4993.648402,11846
4427.753425,11846
3084.063927,11846
3047.652968,11846
2225.232877,11846
2935.351598,11846
2713.73516,11846
2523.09589,11846
3926.730594,11846
2944.511416,11846
3159.30137,11846
4265.461187,11846
2699.13242,11846
3285.931507,11846
2847.570776,11846
2502.607306,11846
3736,11846
2312.721461,11846
3285.497717,11846
3021,11846
3138.707763,11846
3383.242009,11846
1862.493151,11846
2588.931507,11846
3278.899543,11846
1887.082192,11846
2383.872146,11846
2971.118721,11846
3871.315068,11846
3885.538813,11846
2183.858447,11846
1829.232877,11846
2425.09589,11846
1294.730594,11846
4532.547945,11846
3865.812785,11846
2550.26484,11846
2947.356164,11846
3151.69863,11846
3306.817352,11846
1673.739726,11846
3832.648402,11846
3262.936073,11846
3259.534247,11846
1333.39726,11846
1734.388128,11846
2102,11846

==========>>>

Pos:5
Dis:187.55mm
data - cfar
48061,11935
61618,12247
21097,12098
67183,11967
79139,11934
25055,12114
42627,12331
52324,12426
14002,12622
18185,12903
17074,12927
12289,13009
6294,13107
6756,13131
9611,13036
16560,12999
12418,12948
14820,12949
16023,12960
10672,12985
11407,13083
4259,13128
3595,13183
3022,13157
6266,13120
6742,13042
9846,13025
7402,12998
9424,13022
5980,13054
5694,13106
2740,13122
3859,13131
2598,13100
6206,13097
4523,13044
6823,13024
6013,13015
5853,13035
4475,13064
3469,13061
3552,13065
2862,13054
4378,13023
5540,12999
5878,12996
5140,12993
5817,13016
3472,13010
4170,13029
1940,13004
3361,12994
2254,12939
4441,12906
4075,12860
5556,12857
4484,12846
4430,12866
2312,12859
2980,12864
1794,12837
4602,12804
3625,12783
4365,12757
5153,12748
4146,12743
4230,12741
3342,12737
1983,12712
2508,12671
2601,12623
3236,12554
4156,12524
3294,12496
3958,12504
3152,12503
2887,12500
2257,12439
2606,12378
2448,12259
3845,12149
3944,12049
3685,11942
3750,11886
3286,11854
2067,11839
1851,11785
1008,11676
2508,11545
1786,11439
2878,11043
3779,10690
5268,10508
3600,9912
2051,9410
2897,9264
2350,8805
1306,8442
3212,8043
3020,8043
3258,8043
3538,8043
4537,8043
3838,8043
2124,8043
2821,8043
2414,8043
290,8043
4154,8043
3731,8043
1898,8043
4638,8043
2686,8043
3547,8043
1991,8043
2450,8043
2850,8043
1522,8043
1786,8043
2684,8043
1726,8043
1105,8043
2124,8043
1905,8043
1664,8043
4328,8043
3285,8043
4124,8043
2257,8043
4595,8043
4657,8043
1119,8043
1951,8043
1956,8043
3104,8043
3494,8043
1775,8043
3314,8043
5082,8043
2160,8043
4436,8043
2570,8043
3278,8043
2458,8043
2433,8043
2021,8043
2581,8043
1900,8043
1395,8043
2065,8043
1960,8043
2416,8043
2543,8043
2809,8043
2035,8043
3883,8043
4873,8043
3285,8043
4409,8043
3474,8043
1993,8043
3048,8043
726,8043
3025,8043
1051,8043
3508,8043
2588,8043
2714,8043
3736,8043
3363,8043
3060,8043
3094,8043
2101,8043
3209,8043
2518,8043
2471,8043
2201,8043
1056,8043
2887,8043
1810,8043
1110,8043
2566,8043
3166,8043
3658,8043
1577,8043
2422,8043
3454,8043
1334,8043
2786,8043
1932,8043
1212,8043
1288,8043
2735,8043
2381,8043
2033,8043
2133,8043
1472,8043
3144,8043
2976,8043
2253,8043
3214,8043
3661,8043
2308,8043
2999,8043
4644,8043
2063,8043
2424,8043
3340,8043
2548,8043
2592,8043
2493,8043
3457,8043
2790,8043
1340,8043
251,8043
983,8043
1340,8043
1508,8043
1080,8043
1740,8043

==========>>>

Pos:7
Dis:262.57mm
data - cfar
32919,13801
62404,13850
56119,13624
62435,13577
70044,13622
49125,13534
74002,13590
62355,13726
31763,14002
39602,14367
16034,14517
13684,14760
8652,14839
4757,14866
10229,14803
15899,14745
9313,14697
16095,14715
12375,14692
10504,14748
9654,14817
4285,14881
2495,14917
4757,14898
4887,14826
9478,14781
8264,14749
8379,14761
8052,14773
4826,14795
5186,14827
3253,14829
3981,14837
3590,14793
6133,14749
5555,14712
7620,14691
5398,14699
5603,14717
4305,14729
3992,14753
1914,14728
5075,14716
3655,14650
6741,14643
3764,14608
5650,14622
4039,14612
4398,14614
3096,14605
3586,14626
2168,14580
4681,14576
4490,14544
5032,14526
4136,14512
4405,14511
4526,14522
2166,14526
3013,14510
2361,14479
4087,14431
3069,14379
5531,14353
4848,14337
3720,14329
4131,14337
3451,14317
2237,14309
2489,14270
2705,14200
3728,14130
3411,14047
4975,14009
4106,13992
3722,14019
2514,14008
1930,13990
908,13925
3142,13830
3230,13702
3425,13623
4299,13506
3382,13446
2785,13422
4172,13377
1936,13294
2227,13194
1434,12894
2196,12648
2980,12149
3156,11559
3810,11190
2970,10671
814,10195
2616,9791
2324,9314
2208,9062
3568,8601
2453,8474
1702,8474
4229,8474
2609,8474
2862,8474
2661,8474
1453,8474
3112,8474
1709,8474
2950,8474
2706,8474
2662,8474
1558,8474
3189,8474
2003,8474
1396,8474
1579,8474
2531,8474
2604,8474
3465,8474
2313,8474
2787,8474
1265,8474
3172,8474
2786,8474
547,8474
1855,8474
2679,8474
3509,8474
3145,8474
2102,8474
1545,8474
2485,8474
620,8474
3402,8474
2067,8474
2264,8474
3893,8474
1929,8474
2357,8474
1486,8474
2312,8474
2173,8474
1315,8474
2878,8474
882,8474
2764,8474
4428,8474
1489,8474
4137,8474
5511,8474
882,8474
3192,8474
1228,8474
3480,8474
3368,8474
1378,8474
3497,8474
1576,8474
2159,8474
3613,8474
2147,8474
1567,8474
2911,8474
1113,8474
2248,8474
2308,8474
983,8474
381,8474
1221,8474
451,8474
2928,8474
3395,8474
792,8474
4475,8474
2939,8474
1669,8474
2327,8474
541,8474
1132,8474
2098,8474
1588,8474
1443,8474
2636,8474
617,8474
1873,8474
1364,8474
820,8474
974,8474
2261,8474
2002,8474
942,8474
4355,8474
3402,8474
1847,8474
4219,8474
1404,8474
3368,8474
1040,8474
3046,8474
3163,8474
4596,8474
3978,8474
848,8474
2276,8474
813,8474
609,8474
3146,8474
3053,8474
1945,8474
3021,8474
863,8474
2889,8474
1133,8474
1652,8474
1833,8474
1481,8474
1245,8474
2724,8474
2083,8474
3192,8474

==========>>>

Pos:3
Dis:112.53mm
data - cfar
46331,15744
100959.511416,15586.452055
121189.986301,15078.424658
110179.493151,15154.589041
88467.068493,15737.009132
44898.799087,16313.47032
36431.273973,16697.287671
41495.712329,16864.027397
24073.447489,17049.191781
14792.534247,17291.534247
9617.223744,17359.251142
16231.214612,17453.954338
4276.438356,17438.178082
10771.69863,17482.589041
7540.876712,17340.73516
21586.136986,17326.767123
12491.922374,17256.273973
15608.872146,17304.821918
15504,17304.30137
12664.342466,17323.488584
12953.689498,17389.30137
5391.986301,17416.739726
6256.310502,17455.958904
3466.520548,17441.30137
4164.986301,17405.328767
7846.43379,17352.242009
10821.776256,17327.561644
8786.136986,17307.424658
10181.114155,17326.561644
7820.86758,17315.885845
7911.90411,17327.150685
5009.328767,17314.643836
5585.589041,17326.817352
3454.520548,17332.205479
4971.917808,17331
5263.365297,17301.063927
7667.753425,17292.369863
7153.853881,17274.474886
7182.26484,17269.876712
6275.739726,17260.123288
6213.351598,17256.808219
5041.420091,17266.506849
4348.986301,17272.849315
4179.196347,17241.812785
5451.657534,17212.625571
6201.246575,17201.109589
6319.273973,17190.041096
6681.684932,17178.150685
6013.753425,17165.69863
5520.579909,17157.789954
4398.917808,17141.872146
4061.369863,17126.260274
3561.03653,17096.219178
3848.634703,17055.488584
5293.808219,17028.342466
6316.401826,17014.013699
6160.634703,16992.43379
6398.315068,16974.917808
6102.401826,16971.826484
4650.630137,16964.616438
4382.136986,16948.534247
3647.977169,16915.497717
3063.771689,16882.118721
3208.863014,16856.356164
4402.347032,16833.949772
4416.922374,16806.027397
4938.150685,16784.835616
5000.018265,16759.922374
5580.401826,16727.315068
5275.561644,16702.835616
4594.43379,16673.753425
3571.730594,16651.826484
2347.041096,16605.90411
3503,16563.333333
4720.273973,16528.328767
4948.986301,16486.986301
5934.374429,16450.917808
5492.844749,16432.817352
3923.342466,16370.328767
3913.39726,16311.159817
2991.246575,16224.789954
2989.39726,16134.863014
3302.981735,16043.794521
3563.420091,15895.447489
4335.917808,15837.863014
5414.748858,15789.118721
3980.365297,15774.543379
3189.109589,15695.493151
3725.748858,15630.383562
4744.922374,15516.420091
3091.164384,15339.383562
3162.273973,15069.383562
1951.785388,14790.981735
3915.643836,14402.575342
5331.73516,13693.680365
5544.630137,12841.246575
4395.369863,11941.452055
3169.557078,11222.388128
3047.899543,10864.273973
2854.808219,10432
3022.716895,10432
2782.908676,10432
3492.438356,10432
3736.986301,10432
3095.319635,10432
5002.726027,10432
3936.488584,10432
4346.666667,10432
4402.123288,10432
3255.488584,10432
2493.511416,10432
3568.027397,10432
3221.447489,10432
2309.821918,10432
3367.39726,10432
2792.849315,10432
4095.707763,10432
1771.123288,10432
3061.497717,10432
1033.401826,10432
1798.205479,10432
1827.611872,10432
4114.223744,10432
3543.808219,10432
3794.191781,10432
4054.452055,10432
3005.972603,10432
1644.465753,10432
1031.406393,10432
2196.383562,10432
5283.114155,10432
3698.648402,10432
3394.534247,10432
4422.242009,10432
3072.164384,10432
2567.876712,10432
2347.552511,10432
4177.109589,10432
5508.342466,10432
5035.557078,10432
2163.639269,10432
3788.342466,10432
4098.579909,10432
3653.986301,10432
1931.561644,10432
2490.242009,10432
2014.666667,10432
2257.246575,10432
2691.803653,10432
1759.077626,10432
2486.643836,10432
4665.488584,10432
4561.945205,10432
2406.835616,10432
3124.990868,10432
4193.442922,10432
3500.410959,10432
2307.83105,10432
1626.913242,10432
1812.616438,10432
3096.611872,10432
2740.890411,10432
2221.150685,10432
3251.173516,10432
3509.09589,10432
4058.136986,10432
4722.872146,10432
3961.506849,10432
3487.780822,10432
3568.347032,10432
2997.990868,10432
1849.109589,10432
1175.424658,10432
2216.625571,10432
3065.383562,10432
2766.936073,10432
3102.885845,10432
3532.986301,10432
2861.232877,10432
2802.219178,10432
2202.753425,10432
2966.30137,10432
3799.045662,10432
3023.09589,10432
3459.109589,10432
2258.369863,10432
1310.041096,10432
3009.881279,10432
3421.657534,10432
2401.219178,10432
2405.69863,10432
3724.127854,10432
2755.027397,10432
1709.890411,10432
682.926941,10432
1577.780822,10432
5722.584475,10432
10080.182648,10432
9669.260274,10432
4974.388128,10432
1914.616438,10432
4506.082192,10432
3140.90411,10432
1458.342466,10432
3145.780822,10432
3893.118721,10432
4183.191781,10432
1373.849315,10432
4718.931507,10432
4716.525114,10432
4082.39726,10432
3992.141553,10432
1893.420091,10432
3359.232877,10432
4684.908676,10432
2380.675799,10432
2309.657534,10432
2898.442922,10432
2765.474886,10432
3251,10432

==========>>>

Pos:3
Dis:112.53mm
data - cfar
43259,16523
91265,16360
111016,15835
108871,15823
90948,16407
37926,16932
39962,17273
47384,17359
25647,17540
20216,17871
6939,17911
18846,18040
1984,17981
12000,18062
7287,17891
25545,17886
11860,17807
15934,17902
14514,17872
12752,17898
12738,17976
5425,17999
7173,18038
4170,18040
5928,17994
9965,17938
12079,17900
8641,17871
12274,17918
6067,17904
9314,17931
3667,17910
7417,17950
2408,17911
8029,17914
4965,17853
9697,17861
6671,17811
8795,17823
5774,17830
6337,17851
4700,17827
5860,17851
5296,17848
6970,17817
6695,17796
7333,17781
7620,17792
5610,17769
5799,17770
4344,17727
6051,17714
4589,17682
5918,17656
4157,17666
5197,17677
5552,17636
6690,17604
5680,17580
6707,17542
3673,17509
5413,17474
3218,17443
5128,17418
4849,17407
6056,17383
5138,17381
7519,17331
5387,17325
4733,17281
4731,17241
3977,17192
3197,17112
5516,17101
4608,17074
6020,17024
5802,17020
3137,16942
4929,16871
4569,16794
3150,16689
4580,16604
5143,16432
3028,16416
5111,16373
4058,16360
4654,16240
3686,16198
3938,16072
2990,15906
4038,15549
3862,15231
6991,14970
4151,14272
3644,13448
4041,12601
3856,11923
2909,11620
3127,10928
1911,10928
4970,10928
4647,10928
3383,10928
2686,10928
6209,10928
5454,10928
1933,10928
2671,10928
1726,10928
3804,10928
4967,10928
4297,10928
3202,10928
4160,10928
1756,10928
4995,10928
3887,10928
3085,10928
2489,10928
5279,10928
2541,10928
3961,10928
1918,10928
3388,10928
4713,10928
4250,10928
2305,10928
3819,10928
4274,10928
4221,10928
3000,10928
2819,10928
5088,10928
1215,10928
4210,10928
6333,10928
5225,10928
2568,10928
7155,10928
6049,10928
2908,10928
3980,10928
4720,10928
4659,10928
1332,10928
2488,10928
2638,10928
4444,10928
4282,10928
1772,10928
7091,10928
6917,10928
2019,10928
2869,10928
3891,10928
944,10928
2185,10928
1732,10928
2576,10928
4296,10928
3860,10928
4396,10928
5970,10928
2412,10928
4833,10928
3877,10928
2280,10928
4272,10928
648,10928
5121,10928
3557,10928
1154,10928
3471,10928
1768,10928
2542,10928
4748,10928
2229,10928
1667,10928
3733,10928
5805,10928
5361,10928
1988,10928
2213,10928
1555,10928
2612,10928
4983,10928
2004,10928
3687,10928
4960,10928
2347,10928
1566,10928
3395,10928
4684,10928
3954,10928
1405,10928
3242,10928
2635,10928
1998,10928
2601,10928
3541,10928
4551,10928
976,10928
3534,10928
4629,10928
2634,10928
1708,10928
4130,10928
3110,10928
2036,10928
2453,10928
2835,10928
3649,10928
1486,10928
4853,10928
5708,10928
1411,10928
3702,10928
6105,10928
5964,10928
4117,10928

==========>>>

Pos:4
Dis:150.04mm
data - cfar
33461,17132
67922,17036
78354,16649
82461,16604
71683,16862
45227,16859
82113,16866
70824,16865
45483,17094
53895,17466
22877,17665
20355,17960
14437,18019
13861,18053
15886,18002
19732,17988
12599,17963
19128,17981
16088,17979
13160,18039
12613,18133
2680,18194
2865,18234
5645,18198
7154,18114
11306,18083
10856,18062
9545,18059
11222,18090
6310,18100
7577,18132
3699,18123
5582,18142
3261,18100
7216,18072
5287,18028
9184,18011
6405,18007
8451,18020
5147,18025
5466,18044
4176,18026
5081,18035
3883,17982
6210,17984
5147,17970
6576,17949
5718,17940
5020,17941
4893,17945
3736,17926
3721,17904
3520,17870
4828,17834
6119,17796
6366,17776
5656,17784
4783,17770
3750,17736
5750,17699
2237,17670
3970,17641
3222,17599
5085,17563
4649,17558
4834,17537
4718,17514
4819,17490
3241,17457
3845,17403
3366,17358
3040,17274
4415,17191
5671,17145
3706,17109
5753,17106
3916,17102
4497,17038
3197,16951
3366,16854
2938,16707
4231,16624
4831,16490
4325,16370
5153,16278
4535,16170
4918,16044
2766,15894
2566,15497
2797,15153
2926,14603
3389,13985
3038,13639
3120,13082
4857,12442
2807,11844
3721,11365
1951,11133
2760,10612
2930,10379
2663,10379
2334,10379
3449,10379
3061,10379
3504,10379
1750,10379
2870,10379
2817,10379
2983,10379
5012,10379
3191,10379
1748,10379
4332,10379
1629,10379
3673,10379
4172,10379
3006,10379
1460,10379
3832,10379
3586,10379
3407,10379
5708,10379
2825,10379
2845,10379
3252,10379
2567,10379
1361,10379
2889,10379
2837,10379
2849,10379
1318,10379
3524,10379
999,10379
4911,10379
3383,10379
3375,10379
2933,10379
3273,10379
5958,10379
1401,10379
5259,10379
4331,10379
636,10379
2459,10379
3361,10379
3565,10379
1923,10379
2432,10379
1907,10379
4097,10379
1952,10379
3287,10379
3939,10379
1055,10379
885,10379
1220,10379
2963,10379
2980,10379
2896,10379
3224,10379
4256,10379
2653,10379
877,10379
3001,10379
1237,10379
2903,10379
3638,10379
785,10379
3103,10379
2007,10379
2447,10379
762,10379
2867,10379
2011,10379
1520,10379
2322,10379
1521,10379
3606,10379
4083,10379
1594,10379
1944,10379
1365,10379
1990,10379
1877,10379
1524,10379
2019,10379
1953,10379
4145,10379
1622,10379
2576,10379
1119,10379
3222,10379
4358,10379
3982,10379
1162,10379
2866,10379
4539,10379
5178,10379
3135,10379
1227,10379
1494,10379
2284,10379
3708,10379
696,10379
3726,10379
1931,10379
1815,10379
1446,10379
2165,10379
3498,10379
4809,10379
6928,10379
3667,10379
2262,10379
4383,10379
3206,10379
2717,10379
1522,10379
3821,10379
2878,10379

==========>>>

Pos:4
Dis:150.04mm
data - cfar
31417,15520
50800,15470
58826,15060
83384,14881
73435,15020
39996,15133
67116,15283
52977,15346
33065,15551
38230,15886
13110,16035
12676,16260
8468,16322
6718,16332
12736,16275
12843,16247
9171,16194
14962,16190
10609,16139
11493,16181
8993,16195
3884,16148
1983,16136
3678,16096
5668,15985
8453,15856
6314,15763
8146,15768
5956,15793
3992,15826
2403,15851
2932,15854
1856,15831
2685,15851
1083,15819
4941,15817
2738,15810
4111,15823
6856,15719
14484,15636
14169,15650
2280,15692
7897,15718
5865,15644
5918,15633
10303,15599
6769,15567
4676,15548
6333,15644
7608,15761
11354,15853
8842,15869
7184,15930
1866,15917
8019,15911
5375,15845
5294,15848
5617,15788
3033,15715
4848,15711
257,15710
2658,15742
1622,15669
5360,15669
2062,15639
4381,15638
5423,15644
2235,15668
3935,15655
3412,15640
3661,15540
12481,15408
15880,15316
11602,15348
5135,15395
8714,15365
17028,15297
10167,15307
3977,15335
6936,15309
4352,15213
6681,15203
2666,15086
6598,15025
3115,14986
3015,14976
3596,14893
4571,14834
997,14575
5021,14374
2639,14015
3216,13596
2414,13322
4168,12756
3182,12123
3026,11686
2530,11284
4256,11046
2944,10665
3233,10293
2899,10293
526,10293
1749,10293
3686,10293
2065,10293
3617,10293
2953,10293
2329,10293
4512,10293
4441,10293
3779,10293
1557,10293
2160,10293
1681,10293
2792,10293
3284,10293
5275,10293
1521,10293
1859,10293
1816,10293
4084,10293
2189,10293
3170,10293
1779,10293
4206,10293
2420,10293
2389,10293
3692,10293
1735,10293
2690,10293
4408,10293
1420,10293
4775,10293
3915,10293
3367,10293
2578,10293
2784,10293
4093,10293
382,10293
2243,10293
2844,10293
3758,10293
3547,10293
5041,10293
20549,10293
27904,10293
18785,10293
8364,10293
8510,10293
3458,10293
3360,10293
2941,10293
297,10293
4149,10293
4836,10293
1046,10293
3540,10293
3551,10293
775,10293
547,10293
1624,10293
1835,10293
3870,10293
5002,10293
241,10293
5485,10293
4132,10293
1953,10293
4817,10293
2371,10293
2426,10293
3666,10293
267,10293
5548,10293
4943,10293
1452,10293
5558,10293
3570,10293
295,10293
1441,10293
2181,10293
4115,10293
3680,10293
3552,10293
6837,10293
5776,10293
9628,10293
11483,10293
6787,10293
1721,10293
3781,10293
1831,10293
1011,10293
1182,10293
3310,10293
2372,10293
1292,10293
1037,10293
3948,10293
2814,10293
3035,10293
2659,10293
4577,10293
4319,10293
2926,10293
4653,10293
847,10293
5873,10293
3893,10293
1464,10293
1853,10293
1670,10293
1561,10293
1957,10293
3109,10293
2536,10293
3101,10293
2585,10293
4437,10293
4382,10293

