==========>>>

Pos:4
Dis:150.04mm
data - cfar
42926,18936
54501,18830
68506,18438
92338,18464
50030,18534
56966,18699
70144,18858
34778,18883
52588,19207
29235,19374
14691,19636
16792,19767
11255,19674
25254,19614
23957,19580
16656,19657
13810,19770
10886,19842
5133,19906
3352,19917
9777,19830
12306,19739
14272,19665
16293,19635
13271,19672
10853,19732
7759,19757
7317,19776
6936,19734
9444,19688
10497,19636
10734,19589
12073,19538
12350,19537
8908,19541
9222,19546
7964,19526
8644,19479
8390,19423
10523,19391
9003,19334
11302,19329
9282,19301
9527,19313
7499,19285
7595,19260
9052,19200
8641,19155
9334,19101
11095,19061
8222,19036
8992,19010
7978,18994
7211,18982
6456,18943
7033,18903
6947,18826
8621,18794
8116,18735
8294,18699
9043,18683
6190,18657
6521,18633
5523,18582
6048,18498
7303,18423
7038,18338
7876,18292
7304,18252
7861,18246
4987,18264
6052,18249
5478,18193
6282,18114
7549,17996
6812,17921
6529,17841
7107,17792
5222,17786
6278,17785
6210,17717
4112,17627
6960,17558
3480,17389
6145,17211
6331,17160
5267,17054
5798,16982
4437,16789
3625,16379
7054,16146
3283,15592
6706,15168
6879,14786
5928,14084
5498,13585
4474,13198
5062,12868
5181,12457
4742,12034
4198,12034
5423,12034
8143,12034
5903,12034
3751,12034
5531,12034
3147,12034
3834,12034
5226,12034
5630,12034
4610,12034
5232,12034
5391,12034
3841,12034
3872,12034
5560,12034
3215,12034
5887,12034
4029,12034
4700,12034
7557,12034
4528,12034
3193,12034
3480,12034
4241,12034
4704,12034
5052,12034
3768,12034
2622,12034
4162,12034
3205,12034
2656,12034
3420,12034
2348,12034
3740,12034
4395,12034
4270,12034
5099,12034
4075,12034
4081,12034
2057,12034
4313,12034
2460,12034
4357,12034
6266,12034
3893,12034
5109,12034
2636,12034
4542,12034
3481,12034
3646,12034
3928,12034
3726,12034
5971,12034
4441,12034
4270,12034
4704,12034
2777,12034
2678,12034
2295,12034
2539,12034
4156,12034
1723,12034
4741,12034
5127,12034
3360,12034
8228,12034
3508,12034
5130,12034
4744,12034
2620,12034
5024,12034
1801,12034
1927,12034
2332,12034
4160,12034
1134,12034
3047,12034
5223,12034
4533,12034
2088,12034
6605,12034
3057,12034
3624,12034
3186,12034
1941,12034
4071,12034
2996,12034
3205,12034
4203,12034
2206,12034
2888,12034
4601,12034
795,12034
2804,12034
2412,12034
4052,12034
2378,12034
2086,12034
1974,12034
3084,12034
5199,12034
2394,12034
5394,12034
3801,12034
1916,12034
3352,12034
1336,12034
4483,12034
4220,12034
1599,12034
5769,12034
2206,12034
4082,12034
4235,12034
2658,12034
2882,12034
2263,12034
5397,12034
3529,12034

==========>>>

Pos:3
Dis:112.53mm
data - cfar
32920,22814
91025,22686
107664,22386
70786,22644
57276,23096
52654,22934
90373,22723
82666,22816
40281,23040
60361,23439
32578,23611
19159,23897
20737,24065
9528,24085
14565,24046
22878,24026
11500,23922
26242,23946
19166,23866
19456,23914
16568,23963
11179,24021
9780,24076
7617,24080
8382,24024
12957,23959
14332,23903
14759,23860
15462,23853
12568,23847
13934,23888
8514,23896
10625,23913
7933,23859
11749,23842
10144,23790
13825,23759
10910,23715
12098,23726
9843,23717
10521,23701
7393,23664
10833,23638
6707,23579
10864,23570
9303,23485
12812,23465
10220,23425
10164,23425
8221,23403
9273,23361
7931,23328
8099,23301
9107,23230
10698,23209
10307,23154
9284,23136
9148,23130
7334,23109
8283,23066
7363,23010
7811,22932
8145,22887
8537,22817
9197,22782
9937,22739
7337,22692
8929,22660
5799,22606
7868,22527
5897,22461
8386,22407
7324,22301
8735,22282
7417,22238
7564,22221
7098,22172
7349,22062
7148,21950
6894,21827
6325,21674
7070,21632
6168,21468
8607,21380
6881,21322
7111,21212
7141,21101
5934,20882
5191,20426
7306,20131
6184,19510
6465,18846
6696,18469
6184,18022
8429,17503
5811,16681
5110,16028
5463,15801
5660,15092
7375,14613
8467,14613
5761,14613
5106,14613
5574,14613
5729,14613
5606,14613
6549,14613
3831,14613
5303,14613
4846,14613
5759,14613
5609,14613
5574,14613
5619,14613
4713,14613
3581,14613
5616,14613
4719,14613
5603,14613
5094,14613
4836,14613
5803,14613
7749,14613
2949,14613
5179,14613
4259,14613
7109,14613
6369,14613
6142,14613
5626,14613
5862,14613
7496,14613
3062,14613
3632,14613
5701,14613
5869,14613
2383,14613
5636,14613
3137,14613
6767,14613
6461,14613
3433,14613
4668,14613
5101,14613
3621,14613
6411,14613
2724,14613
8433,14613
5759,14613
4652,14613
6224,14613
4070,14613
3585,14613
6788,14613
6210,14613
4795,14613
4258,14613
3808,14613
5694,14613
4177,14613
5305,14613
4025,14613
2325,14613
5689,14613
6311,14613
2418,14613
8975,14613
6970,14613
2306,14613
4974,14613
2364,14613
5947,14613
4924,14613
2213,14613
5038,14613
2637,14613
6760,14613
5429,14613
4417,14613
3213,14613
3100,14613
5301,14613
4239,14613
2875,14613
2821,14613
3173,14613
5212,14613
5716,14613
4898,14613
2581,14613
4133,14613
2485,14613
5412,14613
3957,14613
3505,14613
4072,14613
3806,14613
5028,14613
1730,14613
4469,14613
4298,14613
2534,14613
4450,14613
4490,14613
1113,14613
5016,14613
3865,14613
4113,14613
2955,14613
2388,14613
3591,14613
7388,14613
4189,14613
2813,14613
3905,14613
655,14613
6151,14613
6939,14613
1634,14613
7329,14613

==========>>>

Pos:2
Dis:75.02mm
data - cfar
127833,22609
154223,23332
61869,24033
41074,25032
27515,24933
73173,24634
78391,24527
38236,24788
40437,25230
20976,25316
23733,25458
22839,25556
11746,25457
35681,25453
23437,25385
18889,25492
18485,25607
7412,25664
8360,25717
6282,25689
10846,25633
17036,25520
20089,25435
19182,25419
20444,25470
15197,25438
14908,25480
10362,25452
11091,25497
9973,25479
14726,25425
13121,25356
15787,25333
15257,25291
15402,25270
13184,25250
12022,25250
11569,25216
13083,25176
9781,25153
13776,25090
13266,25037
13846,25027
12456,24980
13234,24975
12829,24946
11465,24943
10896,24981
11378,24960
12836,24888
11872,24866
12559,24840
11492,24791
11851,24743
11958,24715
10419,24674
9335,24623
11406,24616
9093,24566
10463,24495
12006,24414
10837,24354
10343,24305
11147,24281
9773,24218
9001,24173
9884,24155
9175,24088
9113,24047
11537,24006
9092,23942
10648,23862
10216,23766
9344,23647
8587,23550
9554,23463
9272,23407
8730,23388
7866,23403
10424,23393
10710,23377
9554,23263
10666,23145
10557,23000
8168,22768
8133,22756
6118,22669
8406,22496
11347,22356
9358,22088
9328,21885
9873,21352
9915,20820
6522,20613
10638,20324
7478,19837
10543,18649
9825,17706
9420,17432
10459,17432
5390,17432
9309,17432
6972,17432
9732,17432
7968,17432
7706,17432
8745,17432
9387,17432
7515,17432
8162,17432
9121,17432
7043,17432
8146,17432
7391,17432
4964,17432
7694,17432
10306,17432
8808,17432
7052,17432
10034,17432
10913,17432
1906,17432
5801,17432
1421,17432
12360,17432
11210,17432
4291,17432
7008,17432
6680,17432
6682,17432
5899,17432
4580,17432
6923,17432
7614,17432
3212,17432
8347,17432
3672,17432
6613,17432
7894,17432
5987,17432
10161,17432
6823,17432
9870,17432
15269,17432
11490,17432
3211,17432
9287,17432
6910,17432
6539,17432
6553,17432
7885,17432
6137,17432
6208,17432
11533,17432
4558,17432
4774,17432
2977,17432
4315,17432
6138,17432
11296,17432
5913,17432
8885,17432
10154,17432
6362,17432
6527,17432
5826,17432
3691,17432
3456,17432
3324,17432
3348,17432
6246,17432
8921,17432
10180,17432
6673,17432
9327,17432
9127,17432
7090,17432
4277,17432
3693,17432
3718,17432
3821,17432
5747,17432
12029,17432
5030,17432
6572,17432
7362,17432
11085,17432
11403,17432
2972,17432
2119,17432
2025,17432
4182,17432
2954,17432
10318,17432
10485,17432
4178,17432
4393,17432
7188,17432
10183,17432
7918,17432
10150,17432
5875,17432
8686,17432
14766,17432
5180,17432
5774,17432
4373,17432
3093,17432
4464,17432
5035,17432
6090,17432
3427,17432
2290,17432
3440,17432
2770,17432
1133,17432
4762,17432
8807,17432
12355,17432
11124,17432

==========>>>

Pos:3
Dis:112.53mm
data - cfar
55965,18361
120218,18217
137281,17783
108347,18256
59682,19206
18979,19757
34339,19860
50221,19833
24024,19863
30516,20093
23056,20182
11008,20248
19405,20381
4785,20439
2587,20527
10821,20484
11051,20392
13169,20345
16899,20320
13862,20294
17259,20349
10554,20359
12883,20429
4471,20429
7965,20509
5435,20458
11766,20442
9533,20386
13675,20367
10343,20332
12371,20346
8654,20316
10422,20315
7563,20325
8264,20364
7424,20367
8965,20359
8226,20317
10445,20274
10034,20231
8070,20201
8524,20218
7063,20189
7526,20188
5542,20166
8095,20142
9079,20073
10250,20061
9172,20059
9082,20068
7341,20020
7400,20011
6238,20000
7392,19972
6736,19916
9653,19886
6978,19822
10250,19802
8402,19750
7760,19733
5426,19723
6595,19721
5256,19701
4949,19662
5153,19630
6768,19553
6895,19485
9755,19412
8604,19355
5745,19296
4082,19288
5191,19240
5662,19216
5460,19195
7355,19182
7547,19063
7899,19000
6017,18928
4242,18886
5692,18815
5076,18748
5070,18675
5582,18636
4227,18650
5422,18639
5306,18481
6787,18444
3220,18309
4310,18121
4909,17956
6257,17595
3941,17333
6603,17210
5650,16740
7020,15918
6010,14858
6340,13960
5140,13563
3374,13045
6434,13045
7676,13045
2347,13045
7602,13045
7799,13045
4883,13045
6320,13045
1435,13045
4104,13045
3898,13045
4316,13045
6741,13045
6435,13045
4051,13045
5140,13045
5383,13045
4973,13045
6642,13045
8203,13045
3681,13045
4796,13045
8063,13045
6527,13045
4686,13045
5226,13045
1937,13045
7075,13045
6494,13045
3163,13045
1770,13045
6091,13045
6918,13045
7056,13045
5507,13045
3135,13045
3362,13045
2846,13045
4424,13045
6199,13045
5454,13045
3589,13045
5639,13045
4772,13045
3361,13045
6907,13045
8856,13045
7376,13045
2361,13045
5158,13045
6774,13045
1260,13045
3851,13045
2901,13045
3905,13045
4245,13045
4313,13045
3459,13045
5074,13045
6208,13045
4459,13045
1838,13045
5100,13045
2580,13045
4652,13045
4989,13045
1993,13045
458,13045
5119,13045
5571,13045
3832,13045
7489,13045
4679,13045
203,13045
1241,13045
4905,13045
6259,13045
6979,13045
5543,13045
1661,13045
5005,13045
4774,13045
3115,13045
1996,13045
4096,13045
4866,13045
4939,13045
6144,13045
4133,13045
2740,13045
2802,13045
3268,13045
3707,13045
3683,13045
4572,13045
3057,13045
6053,13045
5829,13045
6153,13045
5430,13045
838,13045
2853,13045
6414,13045
9318,13045
6656,13045
4606,13045
5199,13045
4204,13045
1212,13045
2212,13045
2744,13045
8806,13045
7521,13045
2130,13045
3005,13045
8648,13045
10960,13045
4790,13045
2969,13045
3623,13045
5311,13045
5659,13045

==========>>>

Pos:2
Dis:75.02mm
data - cfar
99974,20471
165039,20660
140135,20732
93569,21563
59369,22428
32968,22718
54509,23000
22019,22887
44460,22985
39347,23070
12139,23227
23327,23455
8096,23367
27574,23450
14299,23269
28424,23347
19890,23318
15146,23412
12615,23508
7635,23581
3642,23586
10038,23557
9900,23466
13773,23450
16123,23418
14692,23378
14467,23403
10939,23430
12015,23497
6795,23529
8766,23545
8112,23481
10437,23462
9683,23383
12588,23354
10513,23306
12442,23309
7616,23314
10057,23335
8568,23346
8980,23345
8161,23299
9039,23281
9108,23222
10893,23169
9594,23141
8296,23132
7686,23130
8111,23087
7804,23058
7729,23044
7409,23035
9813,23015
10145,22938
9151,22892
9509,22851
8847,22804
7798,22782
6652,22760
6350,22753
7589,22767
8921,22693
7924,22632
9756,22576
8233,22532
7677,22504
7133,22460
7275,22421
6501,22389
7198,22321
5316,22263
8157,22199
7163,22135
7871,22069
8171,21964
8389,21932
5457,21924
6883,21980
5967,21938
6983,21853
8418,21732
7326,21602
7415,21424
7426,21351
5338,21173
3928,21135
7741,20968
7156,20935
4765,20709
7259,20387
8265,20234
8490,19863
6702,19649
5043,19258
6190,18598
3497,17515
5180,16305
4292,15581
6176,15119
5788,15119
7369,15119
4432,15119
6875,15119
5436,15119
4513,15119
5640,15119
5898,15119
5393,15119
8206,15119
6766,15119
4916,15119
9512,15119
4573,15119
4555,15119
6801,15119
3765,15119
4904,15119
4072,15119
7009,15119
12223,15119
8600,15119
2828,15119
6114,15119
6039,15119
8036,15119
8378,15119
5443,15119
2609,15119
6130,15119
2815,15119
6110,15119
4584,15119
4346,15119
7725,15119
5223,15119
9334,15119
5774,15119
3575,15119
7264,15119
4427,15119
4038,15119
5410,15119
3121,15119
5943,15119
1875,15119
4475,15119
5197,15119
9176,15119
9480,15119
2927,15119
2923,15119
2569,15119
841,15119
3304,15119
3274,15119
8963,15119
11661,15119
4738,15119
4932,15119
4824,15119
3763,15119
4324,15119
1547,15119
2670,15119
2796,15119
1403,15119
5332,15119
6324,15119
9128,15119
7724,15119
1770,15119
3382,15119
7785,15119
8220,15119
3906,15119
3372,15119
1176,15119
3878,15119
4917,15119
3057,15119
1532,15119
3627,15119
3916,15119
8768,15119
10275,15119
4811,15119
6309,15119
6995,15119
2661,15119
7464,15119
6843,15119
3009,15119
9930,15119
10898,15119
3612,15119
6485,15119
8616,15119
2662,15119
3749,15119
3975,15119
1178,15119
6052,15119
10243,15119
6946,15119
4485,15119
6614,15119
3006,15119
7833,15119
4580,15119
4658,15119
3423,15119
4022,15119
5020,15119
5104,15119
2881,15119
7612,15119
9569,15119
4818,15119
3835,15119
7374,15119

==========>>>

Pos:2
Dis:75.02mm
data - cfar
78242,17694
81838,18124
23101,18187
69107,18464
48139,18404
30250,18665
32803,18630
54114,18433
56941,18628
7750,18796
30659,19138
14876,19032
18407,19101
22676,19093
14546,19113
16414,19182
11760,19226
4988,19329
1193,19347
7350,19249
13201,19091
17253,18987
20711,18930
18233,18935
17527,19002
12345,19083
8518,19166
5219,19160
6268,19149
6488,19068
11826,19000
10008,18961
11660,18941
10704,18945
10191,18925
11293,18927
9280,18905
8185,18905
8484,18890
7842,18857
9361,18812
9745,18772
9687,18723
9883,18718
7951,18677
7961,18660
7679,18605
7893,18558
7462,18500
9481,18483
10496,18424
11822,18410
8998,18402
8938,18405
8100,18378
8236,18366
6342,18326
9696,18289
7540,18263
9507,18233
8403,18187
9661,18139
8134,18096
7492,18047
6346,18012
8026,17958
5066,17897
8331,17823
8466,17764
8360,17752
8332,17785
7100,17769
6609,17742
5680,17676
4790,17552
6126,17422
6107,17283
7303,17201
8319,17161
6970,17159
7767,17162
6861,17079
7518,17007
4340,16923
6446,16808
4747,16682
7594,16593
5489,16375
6790,16347
5793,15956
5396,15596
5409,15345
7719,15156
5906,14841
4526,14316
7011,14171
8595,13576
4293,12973
5832,12617
5906,12617
5441,12617
4554,12617
6889,12617
7172,12617
5393,12617
4658,12617
6704,12617
4852,12617
5541,12617
5033,12617
4913,12617
5373,12617
2827,12617
5644,12617
4875,12617
4099,12617
3357,12617
6200,12617
3944,12617
5767,12617
5761,12617
7176,12617
5316,12617
1491,12617
4946,12617
4824,12617
3386,12617
5363,12617
4407,12617
6955,12617
4579,12617
7037,12617
4889,12617
5538,12617
6140,12617
4550,12617
5283,12617
3060,12617
2570,12617
5687,12617
1985,12617
4742,12617
4698,12617
4096,12617
3932,12617
7897,12617
4775,12617
5458,12617
5404,12617
4609,12617
5647,12617
5570,12617
6338,12617
3929,12617
7770,12617
3328,12617
4525,12617
1774,12617
4984,12617
671,12617
6078,12617
2494,12617
4163,12617
2987,12617
2249,12617
4730,12617
8040,12617
4741,12617
6308,12617
6799,12617
2151,12617
4672,12617
2163,12617
4919,12617
3232,12617
1301,12617
4002,12617
1717,12617
3839,12617
3550,12617
5368,12617
5738,12617
2587,12617
5037,12617
2498,12617
7283,12617
7149,12617
2900,12617
6810,12617
7350,12617
1890,12617
7444,12617
6210,12617
713,12617
5754,12617
4153,12617
2393,12617
4855,12617
4041,12617
5932,12617
1425,12617
4081,12617
2542,12617
4170,12617
4101,12617
681,12617
3265,12617
4518,12617
2202,12617
2356,12617
1908,12617
3333,12617
6438,12617
5083,12617
10236,12617
11182,12617
3261,12617
9643,12617
5438,12617
5774,12617

==========>>>

Pos:2
Dis:75.02mm
data - cfar
75727,18686
98312,18782
85568,18839
68968,19604
1687,19695
72751,19703
68886,19393
41076,19512
58017,19762
35015,19801
35071,20100
22212,20244
16141,20287
27903,20326
15544,20330
16920,20425
14691,20448
9629,20505
8946,20545
10403,20486
13832,20413
18256,20361
17834,20334
17930,20386
14684,20402
10203,20464
6523,20524
3604,20554
4887,20518
8494,20475
9929,20415
9526,20373
10977,20361
10403,20355
8658,20357
6593,20351
8586,20375
6624,20339
6232,20295
9428,20249
8068,20215
9216,20207
9809,20175
8168,20153
8983,20155
7397,20111
6399,20104
6963,20079
7085,20039
7567,20018
8215,19955
8203,19934
9125,19917
7271,19874
6964,19858
5573,19833
6277,19786
7274,19757
6675,19711
8036,19685
8683,19660
6414,19623
7464,19601
7093,19572
5850,19549
4766,19496
5662,19459
6209,19396
5679,19339
6863,19317
7048,19291
7883,19262
6863,19202
6411,19138
4292,19036
6542,18928
4758,18795
5821,18709
7274,18657
6893,18604
6092,18560
6712,18505
3616,18398
5620,18321
5914,18112
4501,18000
6776,17867
4844,17599
6229,17381
5847,16961
4981,16661
4655,16155
3835,15598
5075,15633
4054,15138
4315,14484
6008,13721
5439,13170
4706,12632
4370,12632
3766,12632
4831,12632
4745,12632
5325,12632
3587,12632
5201,12632
6933,12632
6106,12632
2755,12632
4202,12632
6883,12632
2503,12632
3639,12632
5444,12632
7568,12632
3984,12632
5971,12632
5575,12632
7221,12632
7311,12632
802,12632
3348,12632
4324,12632
5547,12632
4320,12632
6565,12632
3254,12632
2851,12632
3605,12632
4233,12632
3024,12632
4813,12632
7514,12632
3714,12632
3294,12632
2258,12632
5987,12632
5701,12632
1611,12632
3868,12632
5211,12632
1738,12632
5278,12632
4703,12632
3760,12632
5585,12632
171,12632
5329,12632
4303,12632
2183,12632
2645,12632
5678,12632
3599,12632
5444,12632
5416,12632
4297,12632
3205,12632
3311,12632
2269,12632
4422,12632
4695,12632
2926,12632
5152,12632
2857,12632
2437,12632
2942,12632
2531,12632
2865,12632
2004,12632
2982,12632
4677,12632
2422,12632
3058,12632
3597,12632
5921,12632
2597,12632
3482,12632
4418,12632
2843,12632
5039,12632
2332,12632
3053,12632
4319,12632
2897,12632
6429,12632
4974,12632
1518,12632
2734,12632
2290,12632
5506,12632
6785,12632
3694,12632
3051,12632
6289,12632
4879,12632
1914,12632
2304,12632
4502,12632
3941,12632
1424,12632
2301,12632
3203,12632
4202,12632
2305,12632
7193,12632
5901,12632
2117,12632
4436,12632
966,12632
4969,12632
2494,12632
6019,12632
4831,12632
4119,12632
3791,12632
3070,12632
1788,12632
7380,12632
8928,12632
2020,12632

==========>>>

Pos:2
Dis:75.02mm
data - cfar
82822,19496
95779,19679
74767,19616
90418,20100
35693,20276
52020,20437
69978,20373
43103,20376
48551,20775
18292,20858
32532,21046
20906,21037
19945,21059
30459,21072
16386,21021
24134,21123
15628,21159
9673,21255
6651,21319
6767,21296
10748,21205
18026,21118
17074,21055
19219,21054
16844,21059
13744,21130
8700,21188
5962,21230
4974,21206
6896,21180
9083,21126
10682,21072
10808,21069
11334,21072
10357,21063
8833,21062
8808,21062
7769,21063
7251,21058
6951,21003
9527,20988
8371,20955
9612,20943
8945,20905
9135,20886
7647,20851
7581,20871
7533,20859
7986,20847
6802,20856
7854,20807
9028,20766
9242,20731
7847,20687
8777,20663
6299,20624
6787,20613
6859,20577
8179,20550
8029,20519
7339,20529
7824,20500
8410,20457
6967,20432
6789,20383
5961,20348
6515,20275
6864,20257
5609,20242
7291,20233
6950,20189
8571,20141
7182,20073
5441,19976
6750,19868
6066,19747
5821,19625
5987,19567
4910,19530
6448,19493
7735,19424
7277,19346
5921,19221
6597,19117
6329,18913
5154,18801
6964,18667
7623,18423
6738,18313
8617,17947
7184,17677
6307,17198
5959,16814
5657,16585
3681,15906
6108,15387
5197,14638
7313,14025
5682,13429
5006,13429
5170,13429
5872,13429
5682,13429
4016,13429
7546,13429
6579,13429
3865,13429
7451,13429
5902,13429
3451,13429
4261,13429
4025,13429
5214,13429
2375,13429
5729,13429
2988,13429
5866,13429
5164,13429
6491,13429
5405,13429
2771,13429
5619,13429
5080,13429
3454,13429
2526,13429
5378,13429
5773,13429
3580,13429
7882,13429
6766,13429
3916,13429
5667,13429
5307,13429
5860,13429
5539,13429
2973,13429
6073,13429
5247,13429
4256,13429
4737,13429
3404,13429
3481,13429
9937,13429
6628,13429
4623,13429
9341,13429
2463,13429
4829,13429
3125,13429
3309,13429
3042,13429
3595,13429
5043,13429
6805,13429
4865,13429
3721,13429
8713,13429
5556,13429
2978,13429
6178,13429
2681,13429
5820,13429
1613,13429
6394,13429
5853,13429
3871,13429
3292,13429
2558,13429
3612,13429
2804,13429
4381,13429
2071,13429
1893,13429
2243,13429
2657,13429
3701,13429
3328,13429
5245,13429
7163,13429
2220,13429
3877,13429
6127,13429
5219,13429
3190,13429
6015,13429
1797,13429
8386,13429
6727,13429
1855,13429
4060,13429
4552,13429
8499,13429
4646,13429
4712,13429
5456,13429
2081,13429
2296,13429
5189,13429
4243,13429
2526,13429
5819,13429
5825,13429
5112,13429
2506,13429
1750,13429
3554,13429
4361,13429
2695,13429
2638,13429
3776,13429
2263,13429
679,13429
2141,13429
4006,13429
6796,13429
2637,13429
4557,13429
5777,13429
6711,13429
5568,13429

==========>>>

Pos:4
Dis:150.04mm
data - cfar
83612,24467
88632,24554
78771,24437
96586,24917
26591,25016
64525,25254
67006,25102
45088,25150
55751,25542
16911,25568
42248,25831
19387,25743
26891,25814
34563,25790
19223,25806
22456,25978
11901,26080
3332,26196
5973,26173
12905,26012
19529,25830
25330,25726
24369,25670
23313,25688
18939,25746
14930,25807
10572,25884
8893,25887
10289,25853
13051,25767
14929,25707
15224,25661
15399,25631
15083,25625
13065,25601
12440,25604
12261,25551
12369,25533
10859,25493
12189,25442
13485,25375
13908,25316
14244,25286
12276,25273
11871,25248
11241,25209
11191,25159
11569,25101
11939,25069
11586,25023
12628,24970
12663,24916
11802,24889
11154,24845
10371,24808
10670,24751
10805,24690
10929,24627
11804,24554
12336,24499
11421,24418
12192,24373
10570,24330
10745,24285
9848,24226
8868,24156
10202,24062
10297,23955
11864,23875
10800,23822
10377,23805
10167,23776
9167,23703
9933,23599
8518,23477
10026,23338
9449,23159
10294,23042
11248,22965
10402,22959
9284,22974
9960,22919
10489,22798
7565,22680
9668,22518
6723,22336
9666,22227
8129,21912
9750,21808
9359,21399
9310,21080
7427,20615
8045,20140
8028,19968
8645,19201
10919,18610
8584,17942
9744,17311
9108,16657
7319,16631
6416,16631
8572,16631
6715,16631
6578,16631
8916,16631
10173,16631
5116,16631
8553,16631
7949,16631
6516,16631
5065,16631
9654,16631
7068,16631
7386,16631
8556,16631
7010,16631
6661,16631
7697,16631
6709,16631
4414,16631
7802,16631
4155,16631
9891,16631
6209,16631
8917,16631
6961,16631
7615,16631
6761,16631
5205,16631
7013,16631
4717,16631
8124,16631
4814,16631
7493,16631
7271,16631
6346,16631
5557,16631
5395,16631
5620,16631
6737,16631
4907,16631
5865,16631
5963,16631
6041,16631
7902,16631
7134,16631
5550,16631
4620,16631
6331,16631
4004,16631
6443,16631
6667,16631
6731,16631
6665,16631
4478,16631
4468,16631
2436,16631
4741,16631
6328,16631
5060,16631
5929,16631
5994,16631
3720,16631
4379,16631
3554,16631
3687,16631
4972,16631
5284,16631
5182,16631
4206,16631
8731,16631
6253,16631
4366,16631
5945,16631
4169,16631
4187,16631
3992,16631
4988,16631
5406,16631
3993,16631
10222,16631
6005,16631
4011,16631
5352,16631
3433,16631
5112,16631
2337,16631
6797,16631
3131,16631
6056,16631
2323,16631
4462,16631
5074,16631
1878,16631
4503,16631
7553,16631
2265,16631
6854,16631
8680,16631
3252,16631
5169,16631
7544,16631
5546,16631
5143,16631
3442,16631
9635,16631
6266,16631
4880,16631
8535,16631
732,16631
6486,16631
4309,16631
4887,16631
5662,16631
3068,16631
10757,16631
8537,16631
1598,16631
6217,16631
5043,16631

==========>>>

Pos:4
Dis:150.04mm
data - cfar
40861,19141
20363,18524
98257,17612
156565,16903
109856,17147
66023,17686
86884,18025
66961,18089
57550,18487
36995,18825
21936,19139
18777,19384
3650,19428
14050,19432
17383,19335
14857,19381
8923,19404
14957,19359
19043,19386
5926,19340
20486,19209
34864,19055
24892,19178
4940,19416
7346,19645
4247,19742
1802,19651
5160,19576
6185,19530
4378,19488
7973,19528
2902,19484
6738,19523
2860,19523
2985,19589
1168,19573
3679,19594
3045,19585
6157,19601
3125,19585
5283,19572
4899,19582
3982,19605
2630,19670
1518,19682
2434,19663
4843,19600
3108,19535
5259,19519
4736,19469
7284,19431
9761,19430
4674,19465
1399,19566
441,19592
1965,19564
3074,19508
4391,19461
4593,19459
1973,19453
2951,19454
3650,19463
2048,19497
1081,19527
862,19557
1334,19504
3682,19531
903,19452
6785,19423
5855,19275
16511,19173
18230,19181
3702,19220
10997,19279
5988,19243
5119,19126
4571,18884
3853,18744
3843,18734
3180,18599
3514,18501
3454,18442
3703,18338
3460,18235
3847,18173
4006,18150
6077,18040
2663,17898
4653,17665
1552,17222
3432,16735
993,16040
3460,15532
3536,14671
1594,13453
3250,12715
2111,12560
1884,12250
3432,12106
1286,11343
2190,11246
2022,11246
1062,11246
3142,11246
2021,11246
2457,11246
3697,11246
3782,11246
1608,11246
2997,11246
2335,11246
4382,11246
3973,11246
2056,11246
3549,11246
3531,11246
3136,11246
4027,11246
5107,11246
8691,11246
19272,11246
12841,11246
4550,11246
8977,11246
2605,11246
4268,11246
2644,11246
474,11246
1240,11246
968,11246
3795,11246
876,11246
6411,11246
6741,11246
3387,11246
4838,11246
1454,11246
5307,11246
2223,11246
5261,11246
1396,11246
4468,11246
3399,11246
1868,11246
2520,11246
3095,11246
2796,11246
4751,11246
985,11246
4951,11246
3193,11246
2081,11246
1757,11246
1984,11246
1819,11246
3921,11246
2268,11246
4824,11246
3670,11246
3914,11246
6032,11246
2516,11246
6402,11246
3412,11246
2968,11246
2928,11246
3783,11246
627,11246
3672,11246
2555,11246
1838,11246
3654,11246
2105,11246
1433,11246
3272,11246
1644,11246
2108,11246
1941,11246
1664,11246
4670,11246
6563,11246
3343,11246
3648,11246
4607,11246
2922,11246
2237,11246
1644,11246
675,11246
1769,11246
1459,11246
2069,11246
3344,11246
1008,11246
1851,11246
1259,11246
1956,11246
2110,11246
1776,11246
318,11246
1160,11246
566,11246
3897,11246
4409,11246
247,11246
5136,11246
4913,11246
2173,11246
3729,11246
2164,11246
477,11246
612,11246
1797,11246
2858,11246
1607,11246
3362,11246
1832,11246
2420,11246
3633,11246
1936,11246
574,11246

==========>>>

Pos:4
Dis:150.04mm
data - cfar
5431,30076
73747,29679
126868,28643
138357,28289
121687,28846
52538,29344
78459,29559
91368,29704
31928,30001
38063,30479
27645,30527
21666,30660
20806,30856
403,30876
21775,30790
28593,30646
15309,30497
39162,30218
57891,30088
29374,30069
36714,30154
47787,30267
8047,30385
22315,30675
6690,30749
21189,30752
17756,30523
19505,30484
14494,30347
20191,30372
14057,30337
13672,30403
11096,30333
14152,30310
13984,30230
16167,30170
16232,30136
14813,30155
14944,30168
11671,30184
13482,30181
11282,30135
13352,30122
11655,30025
13953,30002
14198,29922
13952,29914
11357,29898
12511,29902
9795,29863
9918,29843
10136,29729
14218,29669
8620,29605
12967,29599
9755,29534
11258,29498
9959,29438
9932,29410
9746,29348
9154,29245
11073,29167
9133,29056
12027,28989
11152,28897
12900,28879
8094,28851
9076,28808
8057,28621
18990,28380
26375,28151
24043,28065
18641,28129
429,28202
13360,28192
5035,28092
10044,27813
6891,27519
11450,27324
9094,26872
11739,26635
9203,26525
9791,26373
9483,26245
7672,26294
8213,26183
6466,26021
9556,25850
6707,25590
8918,25367
8777,24675
8291,24117
7599,23736
7957,22823
6154,21794
7416,20822
6454,20264
9194,20237
9155,19671
9247,18742
4157,18467
10839,18467
5190,18467
6567,18467
6047,18467
3530,18467
5408,18467
6018,18467
5880,18467
10336,18467
6319,18467
6434,18467
7728,18467
5745,18467
6594,18467
6695,18467
7570,18467
2915,18467
5585,18467
8995,18467
23030,18467
14457,18467
7798,18467
14734,18467
4122,18467
5826,18467
3728,18467
7414,18467
4048,18467
8574,18467
7051,18467
3500,18467
7651,18467
10328,18467
6796,18467
10711,18467
5822,18467
7178,18467
6275,18467
3400,18467
6524,18467
6303,18467
6605,18467
6131,18467
6186,18467
6156,18467
6455,18467
3970,18467
5298,18467
8689,18467
6403,18467
7667,18467
3743,18467
6101,18467
6571,18467
6266,18467
2980,18467
5759,18467
4917,18467
5655,18467
6235,18467
4823,18467
8093,18467
3751,18467
7352,18467
1383,18467
6378,18467
6534,18467
3355,18467
5325,18467
7431,18467
4895,18467
6012,18467
5884,18467
3800,18467
5493,18467
6832,18467
2027,18467
7114,18467
4089,18467
4942,18467
3810,18467
2970,18467
4520,18467
7520,18467
2982,18467
5219,18467
6548,18467
3470,18467
3847,18467
7863,18467
2290,18467
6052,18467
3758,18467
4789,18467
4200,18467
5872,18467
8506,18467
418,18467
7236,18467
5171,18467
2419,18467
6954,18467
5842,18467
4018,18467
4650,18467
5433,18467
4297,18467
4943,18467
5175,18467
2626,18467
4517,18467
3214,18467
8052,18467
2717,18467
6920,18467
5381,18467
776,18467
5040,18467
7956,18467

