==========>>>

Pos:4
Dis:150.04mm
data - cfar
55914,13304
100902.360731,13025.56621
84090.493151,13067.178082
51502.931507,13340.328767
66788.972603,13658.237443
44210.680365,13697.675799
45120.90411,13900.328767
40580.100457,14175.972603
7804.246575,14418.319635
14083.575342,14701.246575
6014.502283,14700.465753
8840.013699,14704.296804
15901.027397,14642.671233
14982,14604.155251
12307.73516,14597.383562
15180.260274,14610.808219
11579.853881,14608.730594
12038.374429,14651.926941
9014.821918,14671.69863
8969.762557,14698.794521
8903.557078,14702.365297
10013.520548,14693.917808
10048.073059,14688.803653
8700.374429,14709.328767
7221.90411,14747.794521
6589.694064,14787.86758
4076.643836,14809.200913
2483.684932,14844.643836
1662.689498,14861.69863
1725.689498,14872.086758
2120.931507,14841.60274
4175.200913,14824.69863
4965.771689,14796.105023
5520.232877,14777.315068
5034.474886,14798.821918
3146.520548,14816.803653
3034.232877,14848.863014
1386.465753,14864.324201
1764.497717,14868.917808
3215.452055,14859.410959
3895.173516,14854.269406
4372.913242,14849.369863
4177.342466,14845.383562
2886.753425,14854.109589
2117.872146,14873.159817
1301.082192,14883.767123
1112.826484,14874.561644
2593.589041,14856.726027
3295.657534,14850.123288
3320.666667,14842.712329
4532.178082,14829.479452
4374.958904,14807.438356
4454.063927,14786.69863
4566.931507,14780.484018
3216.60274,14786.082192
2570.191781,14792.995434
2528.977169,14795.465753
2606.712329,14785.972603
3342.803653,14769.296804
3011.273973,14750.625571
3168.630137,14727.767123
4487.315068,14703.940639
3199.150685,14674.589041
2814.835616,14663.123288
3236.497717,14662.260274
2396.100457,14673.255708
2123.082192,14701.369863
2711.502283,14694.415525
3808.630137,14662.009132
3781.383562,14636.60274
3217.557078,14613.899543
2696.488584,14575.958904
2509.643836,14525.30137
1822.666667,14492
1826.347032,14471.840183
2607.958904,14438.835616
2870.639269,14376.3379
3594.369863,14320.347032
3828.821918,14259.520548
3164.511416,14181.757991
3091.949772,14139.022831
2400.260274,14056.30137
1483.251142,14000.223744
1744.401826,13978.401826
2172.027397,13940.013699
1429.420091,13854.958904
3097.712329,13765.538813
2683.424658,13448.630137
3840.502283,13130.150685
3767.114155,12780.958904
2039.90411,12296.150685
2222.771689,11875.885845
2435.456621,11226.420091
1677.684932,10523.082192
2843.794521,10141.456621
1865.849315,9798.228311
2669,9480.643836
3203.634703,9215
2448.803653,9215
3052.753425,9215
3560.105023,9215
2113.949772,9215
2619.849315,9215
3339.936073,9215
507.141553,9215
3538.945205,9215
2327.913242,9215
3168.639269,9215
4237.452055,9215
2176.826484,9215
1054.173516,9215
1710.808219,9215
1382.876712,9215
3692.479452,9215
2673.931507,9215
2694.43379,9215
2979.251142,9215
3058.479452,9215
1766.141553,9215
1693.52968,9215
2597.493151,9215
5060.214612,9215
4139.452055,9215
1445.164384,9215
2212.383562,9215
1876.657534,9215
3625.821918,9215
1813.575342,9215
3994.059361,9215
3008.493151,9215
3156.479452,9215
3706.401826,9215
3026.630137,9215
3681.429224,9215
3082.30137,9215
3395.863014,9215
3899.031963,9215
5591.333333,9215
4950.534247,9215
2284.118721,9215
3928.333333,9215
3608.219178,9215
2757.575342,9215
2724.968037,9215
1797.657534,9215
2568.141553,9215
2391,9215
1406.383562,9215
1593.863014,9215
1612.210046,9215
2474.068493,9215
2611.908676,9215
1806.730594,9215
1057.520548,9215
1539.474886,9215
1060.054795,9215
1994.60274,9215
3465.191781,9215
2179.502283,9215
890.410959,9215
1132.447489,9215
1056.817352,9215
2853.027397,9215
4819.388128,9215
2701.296804,9215
2437.287671,9215
3859.369863,9215
3446.251142,9215
2494.547945,9215
2546.406393,9215
4939.894977,9215
6583.643836,9215
5121.127854,9215
3797.840183,9215
5780.054795,9215
4543.3379,9215
4711.680365,9215
5141.972603,9215
3532.333333,9215
6341.027397,9215
4699.465753,9215
2614.712329,9215
2954.246575,9215
2061.109589,9215
3584.616438,9215
4436.926941,9215
2179.369863,9215
826.018265,9215
1379.913242,9215
3437.369863,9215
5138.228311,9215
5207.876712,9215
3325.726027,9215
1130.872146,9215
1583.347032,9215
1503.863014,9215
4469.502283,9215
4308.744292,9215
1477.643836,9215
4153.872146,9215
3110.821918,9215
5708.315068,9215
5626.031963,9215
1940.881279,9215
6116.986301,9215
3686.515982,9215
4145.283105,9215
4998.986301,9215
3351.232877,9215
6507.817352,9215
5694.232877,9215
3250.191781,9215
2662.607306,9215
2632.945205,9215
3792.347032,9215
4990.639269,9215
5462.534247,9215
2904.958904,9215
3725.60274,9215
5527,9215

==========>>>

Pos:5
Dis:187.55mm
data - cfar
31655,15264
63231,15286
62200,15011
67326,14920
75934,15016
50727,15146
50444,15355
46386,15467
38632,15571
36441,15829
14182,15981
19523,16173
12701,16204
9148,16232
13770,16223
11926,16199
12451,16132
23260,16057
18596,16024
17715,16036
21853,16027
17870,16038
16438,16075
18872,16084
18603,16091
13316,16141
11799,16178
12208,16229
5554,16273
5976,16323
5205,16371
768,16390
879,16374
5544,16288
7864,16210
6943,16172
3070,16187
3406,16197
5109,16196
4489,16185
5123,16183
3246,16194
1282,16175
3662,16090
6024,16028
3889,16021
3629,16021
3905,16019
3275,16046
756,16045
2337,16034
3293,16014
2382,15949
7180,15873
8692,15821
5901,15843
3623,15875
2470,15872
2242,15868
1982,15835
4285,15804
5172,15754
8102,15695
5466,15650
6335,15645
5339,15669
3262,15722
2895,15727
2701,15694
2093,15674
3189,15586
4799,15505
3551,15396
4701,15285
2869,15157
1913,15066
2842,14943
2746,14782
3364,14665
2857,14535
3110,14389
3517,14307
3468,14234
3118,14128
4849,14062
4320,13991
726,13877
2146,13800
1584,13503
3557,13236
795,12866
3997,12488
3108,12110
1695,11545
2704,11043
2102,10563
1391,10071
3160,9825
2934,9321
3934,9025
2373,9025
2678,9025
967,9025
2838,9025
2711,9025
2139,9025
2271,9025
1212,9025
3249,9025
2690,9025
1217,9025
3636,9025
4537,9025
326,9025
3984,9025
3363,9025
948,9025
2919,9025
3703,9025
4748,9025
2435,9025
2778,9025
3148,9025
1816,9025
1824,9025
2107,9025
4107,9025
634,9025
3675,9025
2474,9025
1678,9025
827,9025
2657,9025
3598,9025
3289,9025
2557,9025
467,9025
1688,9025
2076,9025
742,9025
1961,9025
1376,9025
1230,9025
1450,9025
1313,9025
1542,9025
2545,9025
2679,9025
585,9025
1717,9025
709,9025
431,9025
1101,9025
1139,9025
2343,9025
2679,9025
2440,9025
2814,9025
618,9025
3429,9025
2131,9025
1690,9025
4019,9025
3229,9025
549,9025
3321,9025
3171,9025
3056,9025
1021,9025
2607,9025
965,9025
3139,9025
2133,9025
2946,9025
2848,9025
2458,9025
4981,9025
2609,9025
2769,9025
1599,9025
1745,9025
1289,9025
2358,9025
1666,9025
1633,9025
3454,9025
2011,9025
2100,9025
3760,9025
3067,9025
2723,9025
1031,9025
1437,9025
1304,9025
1944,9025
2563,9025
1565,9025
279,9025
607,9025
2395,9025
3687,9025
1419,9025
3636,9025
3627,9025
886,9025
1544,9025
845,9025
386,9025
1436,9025
1169,9025
347,9025
160,9025
2279,9025
2542,9025
2493,9025
2686,9025
1535,9025
1950,9025
1844,9025
2204,9025

==========>>>

Pos:3
Dis:112.53mm
data - cfar
25315,12041
61515,11845
86120,11533
64222,11916
13508,12383
26220,12465
53951,11956
76010,11688
60390,11826
33782,12276
18260,12574
21560,12632
24995,12703
7668,12820
5441,12972
3935,13015
2584,12979
7263,12928
9798,12912
6673,12860
14412,12859
10297,12891
3846,13001
1556,13051
4261,13003
7884,12956
6843,12950
4365,12951
8443,12959
5759,12964
5245,13030
722,13055
4030,13049
1938,13001
3145,13004
344,12965
5311,12963
4254,12919
3641,12948
2950,12973
2914,13001
1960,13013
2485,13016
1766,12990
4636,12989
2677,12972
3850,12969
3542,12979
680,13008
954,13026
1946,13003
1725,12977
1476,12965
2214,12937
2042,12938
1347,12935
1024,12946
772,12939
1919,12909
3024,12865
4036,12841
1857,12805
4219,12820
4122,12779
5176,12773
5806,12773
1300,12796
2666,12805
275,12779
2624,12745
1188,12709
1941,12687
1848,12629
2893,12610
1919,12618
2081,12628
841,12562
1898,12462
1648,12417
1557,12339
3435,12269
3840,12257
1690,12231
3175,12195
3858,12143
3510,11966
3752,11810
2619,11690
2896,11458
3098,11027
1511,10442
3179,10050
552,9847
2863,9761
1364,9248
3187,8574
3563,8095
3321,7911
2583,7469
1955,7469
2017,7469
695,7469
1196,7469
1749,7469
384,7469
2192,7469
1548,7469
2354,7469
1803,7469
2600,7469
1414,7469
2045,7469
1078,7469
2789,7469
3649,7469
2215,7469
2308,7469
1989,7469
3201,7469
2243,7469
889,7469
1145,7469
1285,7469
1833,7469
2568,7469
1824,7469
3240,7469
2739,7469
1760,7469
1589,7469
804,7469
2561,7469
2748,7469
1750,7469
4315,7469
3835,7469
2606,7469
2031,7469
568,7469
1420,7469
2358,7469
1343,7469
318,7469
1161,7469
1805,7469
1258,7469
1785,7469
1056,7469
1386,7469
1423,7469
1712,7469
927,7469
2104,7469
2627,7469
1129,7469
1361,7469
1188,7469
1834,7469
2349,7469
1285,7469
2828,7469
1207,7469
1109,7469
888,7469
3722,7469
2715,7469
1415,7469
3282,7469
2203,7469
1853,7469
2829,7469
3111,7469
1823,7469
1340,7469
1716,7469
1431,7469
654,7469
1136,7469
411,7469
916,7469
2870,7469
3184,7469
556,7469
2347,7469
3847,7469
4673,7469
2221,7469
1734,7469
1824,7469
830,7469
1824,7469
1438,7469
2886,7469
1398,7469
1475,7469
1604,7469
1516,7469
2710,7469
2284,7469
3812,7469
2492,7469
377,7469
958,7469
1213,7469
1404,7469
1222,7469
1788,7469
2782,7469
3172,7469
1123,7469
2871,7469
2027,7469
5339,7469
6987,7469
2902,7469
2367,7469
3050,7469
2851,7469
2102,7469
3031,7469

==========>>>

Pos:4
Dis:150.04mm
data - cfar
29659,15045
65132,14701
108881,13882
132560,13711
88085,14412
17858,15126
43172,15676
16189,15348
58339,15274
51384,15330
7612,15684
13946,15953
12685,15897
10885,15916
11853,15864
17598,15911
8012,15892
15109,15984
5225,15963
9831,16041
7021,16012
8803,16071
2977,16088
5696,16109
4848,16061
7087,16032
8659,15990
7747,16009
1273,16036
3681,16051
2657,16038
4336,16012
3820,15970
8764,15972
5738,15920
9233,15934
5759,15934
3891,15939
3043,15981
2848,15994
3708,15968
6636,15923
5689,15907
6534,15902
5760,15899
4198,15913
3785,15964
2065,15965
2095,15951
3955,15940
4862,15938
2735,15912
3973,15918
2837,15896
3857,15868
2141,15829
4608,15797
3137,15765
4364,15778
1658,15732
6494,15709
4739,15678
3829,15668
2961,15676
1324,15620
2566,15601
4370,15578
2752,15539
6078,15528
4276,15529
5507,15494
5025,15466
4772,15480
2876,15469
3518,15490
2511,15491
3221,15447
3053,15405
2064,15351
2496,15319
3400,15218
3645,15188
458,15087
2422,15032
2318,14909
7093,14794
7935,14686
3240,14658
5342,14293
4238,13858
3356,13751
4421,13436
1475,13296
5263,12634
2059,11595
3141,10800
2863,10305
3121,10093
2310,9604
3300,9358
3059,9358
2570,9358
2118,9358
2331,9358
3014,9358
3918,9358
3626,9358
3424,9358
3254,9358
2593,9358
803,9358
3523,9358
4515,9358
2621,9358
1709,9358
3850,9358
2850,9358
3889,9358
3288,9358
2257,9358
990,9358
3996,9358
2673,9358
2015,9358
2757,9358
2820,9358
4213,9358
1226,9358
3351,9358
2951,9358
1842,9358
2582,9358
2895,9358
884,9358
4061,9358
5877,9358
3430,9358
1748,9358
2965,9358
2263,9358
969,9358
3019,9358
5594,9358
2854,9358
2287,9358
3595,9358
2381,9358
570,9358
2941,9358
4003,9358
1199,9358
2513,9358
1904,9358
1887,9358
1554,9358
466,9358
1412,9358
3986,9358
4468,9358
3264,9358
421,9358
2857,9358
2829,9358
1241,9358
2252,9358
4084,9358
2322,9358
5540,9358
6231,9358
1918,9358
6145,9358
3416,9358
2829,9358
1245,9358
2249,9358
1511,9358
3874,9358
2188,9358
3817,9358
3602,9358
1913,9358
3674,9358
1115,9358
2410,9358
1331,9358
3362,9358
1796,9358
542,9358
1926,9358
1902,9358
2640,9358
5813,9358
3406,9358
2056,9358
3564,9358
4827,9358
3297,9358
2662,9358
5039,9358
3224,9358
437,9358
638,9358
1770,9358
2907,9358
1048,9358
2087,9358
2792,9358
2590,9358
167,9358
3272,9358
2624,9358
702,9358
2234,9358
1381,9358
1499,9358
2489,9358
137,9358
3690,9358
4421,9358
2836,9358

==========>>>

Pos:4
Dis:150.04mm
data - cfar
29763,14861
60762,14550
103086,13643
142953,13159
123230,13578
50016,14550
18279,15438
10647,15575
30268,15484
29286,15470
12584,15596
13279,15783
4318,15822
5021,15802
15477,15710
15485,15678
9785,15669
14577,15706
9160,15683
12890,15747
4780,15780
5925,15876
2032,15869
6659,15819
10448,15738
12962,15734
6471,15738
8070,15789
4964,15802
4116,15848
2988,15836
4257,15852
1954,15793
6980,15745
5809,15688
7809,15673
5771,15689
3370,15700
3255,15728
2566,15740
2313,15725
5190,15681
4923,15664
4219,15626
4387,15636
4201,15592
4510,15594
3904,15575
4959,15594
1719,15583
3830,15598
2852,15535
6491,15525
2931,15475
6387,15483
3676,15452
5833,15454
2341,15444
4469,15455
3698,15432
3497,15430
2156,15405
3597,15343
4544,15277
6866,15226
6184,15240
2756,15253
3409,15292
3366,15276
3600,15245
4261,15193
4950,15156
2531,15082
3769,15020
3268,14995
2736,15015
2840,14989
918,14972
3104,14897
2713,14830
2786,14723
5102,14664
2523,14592
1803,14549
2375,14506
6222,14451
6417,14351
3419,14299
2333,14130
2437,13907
3650,13826
3433,13700
3319,13322
2834,12383
1709,11258
4089,10479
1289,9998
4248,9798
2409,9346
2849,9165
2776,9165
1814,9165
3364,9165
1224,9165
1967,9165
2414,9165
2470,9165
5111,9165
3624,9165
2049,9165
1326,9165
3234,9165
3045,9165
1067,9165
2890,9165
1517,9165
1832,9165
4110,9165
3708,9165
1510,9165
4364,9165
1860,9165
3046,9165
2787,9165
2835,9165
4139,9165
1261,9165
2595,9165
2723,9165
2230,9165
3192,9165
571,9165
1679,9165
399,9165
4017,9165
4908,9165
2392,9165
2674,9165
3327,9165
787,9165
3442,9165
1285,9165
2573,9165
2272,9165
1324,9165
3473,9165
3635,9165
1347,9165
2008,9165
1569,9165
2435,9165
3973,9165
1376,9165
1800,9165
1796,9165
1522,9165
821,9165
2513,9165
1015,9165
2148,9165
3103,9165
1965,9165
2458,9165
5114,9165
2934,9165
1850,9165
3015,9165
813,9165
3034,9165
895,9165
3651,9165
3757,9165
286,9165
2908,9165
3238,9165
2579,9165
2996,9165
2154,9165
5420,9165
7272,9165
3231,9165
2027,9165
1652,9165
2145,9165
3839,9165
2248,9165
1490,9165
3240,9165
1251,9165
2661,9165
1224,9165
2784,9165
2395,9165
2739,9165
5038,9165
1981,9165
2342,9165
2816,9165
6075,9165
6135,9165
3281,9165
961,9165
1920,9165
2657,9165
2860,9165
1964,9165
2886,9165
4577,9165
3918,9165
2533,9165
3232,9165
1208,9165
2164,9165
2538,9165
204,9165
2137,9165
2186,9165
650,9165
3010,9165
2238,9165

==========>>>

Pos:5
Dis:187.55mm
data - cfar
28475,13637
52048,13570
60541,13192
75860,12941
84484,12825
75363,12876
69214,13111
52397,13448
33742,13800
22499,14174
6831,14383
6553,14436
11460,14415
5992,14340
12877,14323
13249,14313
8950,14313
11637,14375
4602,14401
5160,14455
5275,14437
6432,14386
8912,14305
14564,14292
7892,14301
8694,14376
5049,14382
5862,14411
4728,14458
1185,14513
1131,14505
3999,14495
4336,14445
6703,14442
4307,14413
6048,14398
4766,14412
3107,14435
1752,14468
2100,14469
2638,14446
6424,14412
5583,14401
5483,14379
4717,14368
5167,14353
4788,14359
2424,14367
3812,14365
3428,14342
3348,14341
3550,14310
5389,14265
4471,14229
6311,14234
2545,14210
2427,14208
2191,14188
4415,14193
1691,14168
4396,14173
3188,14114
6028,14076
4320,14063
2453,14044
2682,14033
2334,14017
2345,14014
2351,14013
2814,13990
1852,13950
3710,13938
1772,13890
1969,13864
2719,13757
1934,13675
4685,13617
3828,13584
3072,13559
3736,13542
3858,13478
2390,13444
550,13379
1965,13261
5294,13187
6273,13078
6301,13046
3926,13042
1917,12905
2982,12660
2156,12256
3605,11722
2966,11167
824,10544
2623,9967
2454,9506
2349,9125
2286,8906
2001,8507
3298,8307
851,8307
2859,8307
1226,8307
3239,8307
903,8307
3643,8307
3206,8307
2014,8307
2774,8307
2088,8307
1625,8307
2286,8307
1161,8307
2973,8307
3319,8307
3471,8307
3480,8307
1978,8307
956,8307
2447,8307
2917,8307
1846,8307
2425,8307
1479,8307
4960,8307
4538,8307
568,8307
4223,8307
1975,8307
2430,8307
2305,8307
2172,8307
3752,8307
3042,8307
3267,8307
4064,8307
3908,8307
1583,8307
4037,8307
1791,8307
2625,8307
2848,8307
2051,8307
2944,8307
1787,8307
1816,8307
2074,8307
2845,8307
560,8307
2981,8307
3274,8307
496,8307
2020,8307
2000,8307
1981,8307
815,8307
2461,8307
1692,8307
1136,8307
1838,8307
1050,8307
866,8307
1853,8307
512,8307
1556,8307
1288,8307
2178,8307
2495,8307
2684,8307
3585,8307
1224,8307
1193,8307
253,8307
2227,8307
989,8307
2447,8307
2875,8307
1499,8307
3137,8307
748,8307
2336,8307
2076,8307
1111,8307
1980,8307
1743,8307
939,8307
2915,8307
1610,8307
3684,8307
4598,8307
2339,8307
3640,8307
3391,8307
330,8307
2501,8307
2125,8307
2147,8307
2553,8307
530,8307
1837,8307
2181,8307
2363,8307
3867,8307
4771,8307
2162,8307
4392,8307
3649,8307
1083,8307
3361,8307
2943,8307
1578,8307
1737,8307
3093,8307
3222,8307
801,8307
2506,8307
1634,8307
876,8307
434,8307
2395,8307

==========>>>

Pos:4
Dis:150.04mm
data - cfar
31729,15238
53930,15215
57496,14818
82634,14669
74540,14815
37630,14926
68654,15097
52296,15114
34577,15323
41719,15649
11016,15793
15248,16079
7633,16112
6343,16130
12951,16063
14450,16004
11366,15925
19963,15928
12030,15873
16801,15933
10450,15968
8154,16024
8475,16039
8312,16008
13233,15997
9308,15952
11543,15975
9850,15980
6285,16027
4695,16071
3385,16076
5845,16064
5142,16025
7179,15993
6300,15970
4903,15954
6097,15952
6235,15942
4347,15946
3725,15961
2575,15918
10018,15843
14126,15790
6306,15788
8449,15834
6240,15814
4865,15830
4602,15861
3211,15871
2938,15887
2366,15871
4312,15828
5777,15777
4266,15723
5613,15700
4779,15623
3241,15579
3516,15586
4186,15571
4149,15553
4719,15525
3817,15488
5176,15456
6644,15419
5556,15396
3893,15403
3569,15406
3292,15402
3510,15385
3231,15357
3400,15311
4431,15227
4078,15174
3862,15099
2981,15061
3246,15036
2838,14990
3152,14928
4245,14798
3675,14708
4860,14566
4831,14474
4750,14387
4993,14335
2958,14306
3873,14295
2030,14200
2993,14127
3496,13819
2844,13551
3412,13154
3368,12616
3255,12335
3277,11765
2140,11131
3736,10701
2556,10284
3256,10061
4316,9629
3936,9430
1839,9430
3438,9430
2697,9430
2552,9430
2437,9430
3387,9430
1901,9430
4283,9430
3351,9430
2960,9430
3313,9430
2312,9430
1849,9430
2751,9430
2123,9430
2335,9430
3799,9430
1532,9430
3078,9430
4108,9430
3226,9430
1647,9430
3939,9430
984,9430
2400,9430
2660,9430
3464,9430
2505,9430
2771,9430
1939,9430
3460,9430
2090,9430
3439,9430
2863,9430
2397,9430
2376,9430
3777,9430
4099,9430
1834,9430
3700,9430
2292,9430
1737,9430
2473,9430
3321,9430
2305,9430
2983,9430
3686,9430
2236,9430
1637,9430
2954,9430
2424,9430
3314,9430
2379,9430
2888,9430
2746,9430
3254,9430
2285,9430
2472,9430
2701,9430
3433,9430
2933,9430
2974,9430
3907,9430
2554,9430
2195,9430
2767,9430
5011,9430
1681,9430
3152,9430
2298,9430
2626,9430
4219,9430
2582,9430
3582,9430
1184,9430
2317,9430
2594,9430
766,9430
3536,9430
4487,9430
1793,9430
3278,9430
3238,9430
1412,9430
3498,9430
1091,9430
1842,9430
970,9430
1928,9430
1011,9430
2818,9430
2290,9430
2279,9430
4044,9430
583,9430
3644,9430
4107,9430
1847,9430
2129,9430
3310,9430
138,9430
3218,9430
2472,9430
3651,9430
2535,9430
1917,9430
3013,9430
857,9430
3288,9430
2239,9430
769,9430
767,9430
2197,9430
4743,9430
3023,9430
2457,9430
6055,9430
3743,9430
2944,9430
7521,9430

==========>>>

Pos:4
Dis:150.04mm
data - cfar
30369,18869
51311,18796
60154,18349
85062,18165
74020,18312
43702,18421
68674,18603
52176,18644
36081,18850
37638,19156
11656,19338
13512,19592
7092,19634
7488,19599
14639,19560
12397,19578
5553,19569
13344,19566
10375,19522
10340,19432
24742,19205
36631,18912
42486,18786
29353,18848
19694,18845
40361,18867
26189,18888
17537,19046
17821,19158
6306,19177
11020,19301
3105,19314
6438,19361
4763,19286
10026,19279
3976,19253
6224,19245
7680,19226
5864,19263
3797,19284
6084,19228
6889,19156
9151,19110
7823,19098
348,18998
12255,18832
15323,18728
6249,18812
2355,18931
1033,18975
995,18886
9538,18662
15704,18517
9953,18526
10323,18543
6429,18505
6015,18492
7685,18517
1018,18539
1587,18539
3764,18456
4799,18420
3069,18383
6767,18305
5366,18292
2388,18304
1755,18315
1292,18228
7255,18156
9010,17988
5035,17914
2934,17769
4272,17448
6363,17226
14460,16918
16223,16605
6794,16411
4778,16344
2148,16323
3750,16279
3080,16170
4388,16140
3491,16046
3788,15962
3823,15916
3316,15892
3128,15849
1251,15779
2767,15478
5961,15194
5012,14793
3396,14281
4202,13993
1003,13424
2683,12768
4136,12295
2677,11918
2379,11713
2170,11336
2030,10878
3271,10758
1518,10758
4656,10758
2569,10758
1025,10758
958,10758
1801,10758
4732,10758
4494,10758
447,10758
4206,10758
3787,10758
2051,10758
597,10758
2962,10758
2224,10758
2196,10758
1857,10758
4934,10758
5380,10758
3841,10758
3886,10758
3357,10758
2527,10758
3370,10758
3087,10758
2351,10758
3483,10758
2127,10758
2753,10758
3384,10758
1291,10758
1470,10758
3152,10758
3882,10758
2159,10758
1530,10758
2308,10758
2269,10758
2290,10758
400,10758
2172,10758
2251,10758
1711,10758
1835,10758
2719,10758
2108,10758
1690,10758
2799,10758
2228,10758
811,10758
320,10758
2591,10758
3853,10758
2223,10758
1879,10758
988,10758
3138,10758
2332,10758
682,10758
2476,10758
2908,10758
456,10758
4776,10758
4467,10758
294,10758
3898,10758
2988,10758
1069,10758
3111,10758
2241,10758
3268,10758
2481,10758
2167,10758
4536,10758
3120,10758
1867,10758
1470,10758
1163,10758
3382,10758
1590,10758
3362,10758
5437,10758
2257,10758
2340,10758
3941,10758
1988,10758
2062,10758
3166,10758
1218,10758
1912,10758
1905,10758
3342,10758
2361,10758
2900,10758
3080,10758
119,10758
2238,10758
1711,10758
2841,10758
3380,10758
2485,10758
5163,10758
3676,10758
1509,10758
2740,10758
1137,10758
2911,10758
2167,10758
1919,10758
2563,10758
1600,10758
1431,10758
2440,10758
824,10758
4929,10758
4741,10758
1165,10758
2684,10758
1420,10758

==========>>>

Pos:4
Dis:150.04mm
data - cfar
6676,24541
35005,24106
90187,23183
124740,22571
112426,22940
41962,23284
82041,23386
97683,23389
42856,23668
43286,24141
37856,24379
9731,24678
5668,24897
11824,24857
16333,24809
10578,24781
14450,24807
9025,24636
32927,24534
25898,24409
23286,24291
50361,24340
22006,24399
14167,24761
8158,24811
18006,24866
15493,24694
19801,24574
16915,24513
12625,24579
12242,24605
9095,24579
9750,24574
8246,24509
10694,24462
11370,24350
14260,24287
10629,24254
11430,24285
8602,24259
10063,24281
6577,24247
8136,24245
8067,24149
11729,24144
5262,24051
10335,24052
7615,23989
8465,24003
7571,23960
8446,23930
8096,23832
11925,23825
7707,23731
10101,23737
7671,23703
8530,23721
7255,23648
9816,23653
6253,23567
9566,23524
8173,23410
9309,23359
8985,23276
10698,23230
10499,23169
11917,23138
9611,23101
7849,23032
12185,22791
25507,22585
17137,22520
6227,22542
9231,22616
1660,22535
5192,22436
2738,22036
4982,21877
4808,21671
6144,21425
3687,21375
7317,21306
5738,21213
5798,21162
2882,21112
4302,21111
3460,21042
6909,20756
5048,20404
7199,20112
2825,19350
6295,18736
5524,18428
5262,17587
4226,16633
4585,15950
4545,15705
4598,15674
5810,15413
4116,14731
3726,14121
6376,14121
4549,14121
4077,14121
3722,14121
5223,14121
3848,14121
3717,14121
5991,14121
4538,14121
4543,14121
4778,14121
3402,14121
4357,14121
4641,14121
3312,14121
7437,14121
4990,14121
3564,14121
5323,14121
11508,14121
14587,14121
6956,14121
9285,14121
1600,14121
8653,14121
5002,14121
5751,14121
5855,14121
4116,14121
4638,14121
1154,14121
59,14121
5442,14121
4571,14121
5975,14121
5235,14121
3639,14121
5507,14121
3102,14121
4221,14121
2339,14121
4065,14121
3711,14121
6644,14121
3864,14121
3338,14121
2382,14121
3620,14121
1796,14121
4567,14121
4682,14121
5984,14121
2934,14121
6935,14121
2829,14121
3588,14121
2876,14121
4395,14121
2632,14121
3629,14121
4972,14121
4106,14121
4925,14121
4055,14121
2309,14121
3011,14121
1267,14121
4526,14121
2028,14121
2940,14121
2902,14121
3076,14121
2759,14121
3235,14121
458,14121
5230,14121
5318,14121
880,14121
5420,14121
4064,14121
3126,14121
5021,14121
2379,14121
2448,14121
1786,14121
2411,14121
2672,14121
5287,14121
3864,14121
3043,14121
2961,14121
4271,14121
4033,14121
1532,14121
2867,14121
1814,14121
3647,14121
3113,14121
5072,14121
2134,14121
3604,14121
1274,14121
2198,14121
432,14121
4316,14121
4864,14121
3572,14121
1782,14121
3711,14121
1260,14121
3019,14121
2364,14121
2145,14121
3589,14121
2773,14121
3042,14121
5096,14121
2695,14121
1467,14121

==========>>>

Pos:4
Dis:150.04mm
data - cfar
14028,24013
41050,23408
118051,22362
148345,21925
93263,22586
35805,22980
96256,22933
97907,22917
34755,23284
47915,23704
45717,23902
11295,24076
24227,24280
18054,24283
10389,24441
4642,24514
8702,24444
16471,24441
5666,24263
28109,24136
32440,23988
22451,24112
12844,24264
7794,24397
9244,24372
10606,24290
14308,24161
11174,23951
15581,23975
10070,23952
11635,24003
6516,23988
8707,24026
5067,23968
9903,23981
6809,23904
11516,23908
9229,23852
11265,23873
6333,23848
8181,23878
6297,23847
6789,23836
5422,23777
10732,23695
11297,23625
8311,23637
5826,23630
10106,23611
7608,23539
6311,23556
6741,23517
9623,23438
8186,23393
7261,23372
8353,23351
7030,23342
5474,23314
7448,23305
7466,23262
4366,23222
6605,23166
7874,23118
6749,23035
8827,23029
7298,22989
6833,22975
6340,22941
5214,22862
7711,22644
22983,22450
23458,22345
10119,22352
13466,22432
9535,22388
10979,22370
6675,22250
6705,22064
5075,21853
7512,21873
4328,21735
8712,21702
6750,21685
6196,21642
6064,21507
6679,21341
6203,21283
6022,20979
4252,20626
6161,20381
5794,19625
6956,18884
7373,18631
4340,17913
7737,16816
4153,15908
5271,15619
5540,15528
6027,15247
4532,14323
5851,14178
5160,14178
5657,14178
2704,14178
4365,14178
5289,14178
7611,14178
4555,14178
4867,14178
5559,14178
6612,14178
6690,14178
5818,14178
4993,14178
4438,14178
4979,14178
4634,14178
7177,14178
5631,14178
13129,14178
8077,14178
6232,14178
9057,14178
1402,14178
6398,14178
2772,14178
3738,14178
3571,14178
5544,14178
4954,14178
6500,14178
4541,14178
6428,14178
1704,14178
4965,14178
3229,14178
4254,14178
3663,14178
4167,14178
4154,14178
2353,14178
3619,14178
3376,14178
4249,14178
4458,14178
1458,14178
4672,14178
5315,14178
3269,14178
5548,14178
1481,14178
2991,14178
3306,14178
3696,14178
5709,14178
4725,14178
3301,14178
4747,14178
3164,14178
1562,14178
3836,14178
3728,14178
2244,14178
5192,14178
970,14178
4632,14178
4844,14178
3372,14178
1926,14178
5538,14178
3040,14178
3747,14178
4416,14178
2964,14178
2270,14178
5794,14178
2625,14178
3775,14178
4395,14178
2323,14178
887,14178
3118,14178
3973,14178
4714,14178
3145,14178
3594,14178
4847,14178
3508,14178
2356,14178
3159,14178
6158,14178
3913,14178
2245,14178
4336,14178
4724,14178
1318,14178
3208,14178
1221,14178
4974,14178
2014,14178
5307,14178
4289,14178
2050,14178
2823,14178
7013,14178
7779,14178
2935,14178
901,14178
2508,14178
6416,14178
6071,14178
3588,14178
798,14178
2733,14178
2562,14178
3759,14178
4784,14178
1343,14178
3448,14178
2657,14178

==========>>>

Pos:3
Dis:112.53mm
data - cfar
21877,15586
63391,15397
87536,15065
64791,15342
28232,15649
48767,15689
59627,15485
54060,15640
30283,15824
37994,16037
25223,16181
10740,16276
24030,16352
15282,16345
12812,16405
13812,16472
8005,16338
30932,16228
26365,16182
13541,16048
45311,15965
36790,15973
11293,16268
11243,16539
5636,16674
2015,16769
5074,16715
5103,16621
5658,16534
6966,16531
4006,16537
4423,16587
2680,16593
968,16596
2668,16581
2246,16543
4269,16547
3496,16540
5203,16527
4519,16530
2435,16533
1963,16530
2867,16504
3002,16498
2446,16460
6975,16434
6283,16430
4724,16441
3915,16461
3071,16455
3453,16463
468,16449
2858,16432
2384,16400
4011,16392
4597,16363
5362,16371
3635,16377
4026,16380
3337,16378
2069,16394
1077,16369
3030,16362
3626,16347
4738,16349
5365,16356
1639,16358
2712,16341
3932,16242
11064,16136
14469,16058
12090,16097
4172,16175
5658,16198
4788,16133
1786,16069
3705,15812
3159,15444
3675,15367
2668,15171
3058,14952
3427,14922
3051,14820
4663,14725
3135,14606
3550,14444
2300,14370
2760,14180
3566,13894
3518,13673
3594,13259
4491,12780
5050,12418
3211,12211
4141,11723
3197,11049
1525,10593
1733,10445
4113,9944
4114,9494
3322,9494
4848,9494
4537,9494
4689,9494
5252,9494
1689,9494
1425,9494
392,9494
3296,9494
4248,9494
2108,9494
4241,9494
4606,9494
1645,9494
2350,9494
1043,9494
3068,9494
2566,9494
5068,9494
7890,9494
13565,9494
9994,9494
4684,9494
6235,9494
1985,9494
2465,9494
2181,9494
3717,9494
3007,9494
3454,9494
1322,9494
1506,9494
2422,9494
4033,9494
2048,9494
3256,9494
806,9494
3299,9494
1900,9494
3782,9494
1669,9494
2787,9494
2254,9494
1748,9494
2485,9494
1790,9494
2306,9494
4376,9494
3698,9494
1913,9494
3802,9494
2111,9494
2571,9494
2645,9494
2885,9494
3446,9494
2537,9494
826,9494
2853,9494
4419,9494
3584,9494
1588,9494
2703,9494
409,9494
3841,9494
3952,9494
3329,9494
3155,9494
3064,9494
1326,9494
522,9494
1301,9494
2545,9494
665,9494
2726,9494
1484,9494
2839,9494
4666,9494
2472,9494
496,9494
710,9494
1179,9494
910,9494
1223,9494
2962,9494
3100,9494
2626,9494
384,9494
2559,9494
1632,9494
1172,9494
496,9494
3185,9494
4096,9494
2469,9494
3632,9494
1877,9494
527,9494
205,9494
1164,9494
131,9494
1983,9494
2318,9494
2199,9494
652,9494
2065,9494
1853,9494
992,9494
3253,9494
2259,9494
1374,9494
2361,9494
367,9494
2369,9494
1353,9494
4441,9494
3469,9494
681,9494
1804,9494
646,9494

==========>>>

Pos:3
Dis:112.53mm
data - cfar
22179,13455
59297,13294
78949,13036
55501,13217
36585,13457
48256,13559
42225,13476
48869,13590
33278,13705
27675,13910
22453,14135
4708,14197
21004,14230
18066,14153
13416,14262
5971,14341
7016,14370
8792,14366
5258,14207
28137,13956
37000,13800
22300,14002
205,14194
10072,14366
5798,14313
9556,14304
9947,14283
4031,14246
6012,14273
3617,14272
4448,14324
822,14333
4241,14352
329,14315
4756,14299
2400,14268
5294,14258
4544,14239
5650,14257
3254,14275
2367,14283
2152,14304
1476,14275
2464,14277
1955,14256
2130,14220
6013,14202
3103,14179
3359,14202
2150,14188
3438,14181
3585,14146
4164,14137
3925,14150
3470,14137
5784,14162
1168,14161
4369,14181
1921,14156
2139,14146
1582,14100
4589,14070
1886,14041
4864,14021
3712,14032
2831,14029
2051,14049
1904,14042
1970,13996
5766,13883
11473,13806
9815,13740
5007,13693
8355,13695
4807,13633
5357,13681
4632,13529
3809,13254
4797,13075
1202,13062
3047,13036
3133,12984
3387,12942
3237,12844
4793,12748
2256,12604
2574,12611
2399,12470
1585,12271
2086,12031
3872,11665
2116,11319
4111,10950
3297,10654
3819,10254
1963,9664
2476,9232
1804,9064
2534,8592
4059,8358
3045,8358
3712,8358
3938,8358
3311,8358
2089,8358
1113,8358
2307,8358
3747,8358
2057,8358
3741,8358
1991,8358
2404,8358
2171,8358
1805,8358
2251,8358
1168,8358
1150,8358
2198,8358
2734,8358
10163,8358
10908,8358
3785,8358
5431,8358
3198,8358
2914,8358
2223,8358
3300,8358
3799,8358
1175,8358
2865,8358
1018,8358
2971,8358
3037,8358
2536,8358
2358,8358
2032,8358
1900,8358
2007,8358
2226,8358
3432,8358
1982,8358
3211,8358
2360,8358
1738,8358
1298,8358
1886,8358
2428,8358
3646,8358
1390,8358
3563,8358
2458,8358
1862,8358
2936,8358
1018,8358
1086,8358
1507,8358
1421,8358
1224,8358
2080,8358
1280,8358
2699,8358
1006,8358
1617,8358
2591,8358
1622,8358
1161,8358
2222,8358
776,8358
531,8358
1001,8358
2508,8358
2559,8358
2145,8358
1567,8358
2003,8358
2864,8358
3790,8358
2655,8358
838,8358
2713,8358
4777,8358
2035,8358
3177,8358
3931,8358
2072,8358
4302,8358
2999,8358
521,8358
886,8358
808,8358
2696,8358
3439,8358
2559,8358
1398,8358
1118,8358
2258,8358
3498,8358
1637,8358
1753,8358
1796,8358
1665,8358
2929,8358
3211,8358
1807,8358
2167,8358
3532,8358
470,8358
2467,8358
1238,8358
1768,8358
2772,8358
1675,8358
1946,8358
2772,8358
1808,8358
3325,8358
1952,8358
1931,8358
1178,8358
1674,8358

==========>>>

Pos:2
Dis:75.02mm
data - cfar
31811,15160
71578,15234
60181,15264
28340,15460
47440,15725
24974,15471
61192,15314
67194,15324
22535,15468
43366,15738
31448,15867
9335,16005
25350,16174
11212,16237
1118,16397
4635,16402
10486,16315
11095,16205
18713,16126
18459,16154
9121,16196
10367,16265
8500,16288
5545,16322
4442,16298
8024,16274
11442,16237
11114,16147
10386,16123
8582,16123
9499,16146
5597,16157
5571,16159
5635,16120
6977,16087
5920,16061
8803,16033
8117,16011
8185,16020
5980,16020
6981,16026
4469,16012
5317,15990
5309,15942
7412,15904
7822,15867
6404,15857
7215,15854
5220,15856
3823,15858
5997,15818
5004,15782
6284,15757
5738,15693
7173,15665
8310,15642
5771,15628
6436,15631
4696,15601
5393,15576
3765,15518
5719,15471
4542,15418
7411,15363
7459,15301
8664,15289
5500,15260
6401,15247
5246,15182
9456,15078
11300,15012
5561,14993
3662,15007
4736,14990
5032,14967
3956,14912
5067,14855
3914,14813
2681,14701
4571,14574
4318,14502
4133,14426
5262,14412
4369,14429
4594,14362
3321,14190
4004,14164
2270,13929
3847,13613
4486,13439
5387,12916
3907,12450
3944,12263
5163,11899
4192,11687
3256,11239
3367,10714
1293,10484
3598,9923
4969,9793
3490,9793
4613,9793
3716,9793
4283,9793
4884,9793
2279,9793
5438,9793
3419,9793
4587,9793
4279,9793
3970,9793
5203,9793
3081,9793
4390,9793
2602,9793
4237,9793
910,9793
3769,9793
3336,9793
3396,9793
1242,9793
6549,9793
7514,9793
2198,9793
3612,9793
3589,9793
4561,9793
3839,9793
5074,9793
3939,9793
3550,9793
4465,9793
3238,9793
3225,9793
3752,9793
3607,9793
3393,9793
3379,9793
3816,9793
4045,9793
3461,9793
2683,9793
3572,9793
3031,9793
1519,9793
4141,9793
1929,9793
4360,9793
4421,9793
1463,9793
3823,9793
2374,9793
2021,9793
3747,9793
1788,9793
2350,9793
1803,9793
1947,9793
2858,9793
1795,9793
1903,9793
2140,9793
781,9793
4441,9793
4315,9793
2179,9793
3009,9793
3212,9793
3331,9793
1654,9793
2978,9793
1849,9793
2004,9793
2632,9793
3745,9793
2952,9793
3505,9793
1491,9793
2900,9793
3745,9793
805,9793
3251,9793
3657,9793
2268,9793
3746,9793
3703,9793
963,9793
1667,9793
958,9793
1608,9793
910,9793
1540,9793
2188,9793
3030,9793
2171,9793
5159,9793
3650,9793
2435,9793
2707,9793
2433,9793
5726,9793
2539,9793
4562,9793
4602,9793
1389,9793
4455,9793
3666,9793
63,9793
3388,9793
3520,9793
1148,9793
1263,9793
1391,9793
1032,9793
2476,9793
3728,9793
2018,9793
2521,9793
2878,9793
3823,9793

==========>>>

Pos:4
Dis:150.04mm
data - cfar
93796,23490
90344,23906
35454,23613
134365,23455
107895,23190
71094,23579
84987,23908
64250,23808
81903,24115
45553,24447
22629,24839
29939,25166
5981,25087
31802,25117
26462,25048
13108,25182
15297,25290
15066,25369
5666,25434
2939,25440
14291,25245
26164,25089
21006,25030
18842,25086
22211,25150
12151,25160
13738,25236
7846,25164
7333,25199
3755,25169
10250,25182
10965,25097
12637,25086
11239,25064
11386,25043
10935,25068
7373,25036
7999,25053
6710,25042
7547,25001
8632,24974
10610,24950
7928,24903
9546,24916
7184,24816
10579,24752
9748,24692
9134,24687
6038,24663
9509,24659
8354,24621
8599,24607
10781,24509
11619,24524
6832,24508
8217,24506
8184,24469
6726,24424
8802,24413
7528,24368
9143,24325
9782,24294
8321,24254
8153,24215
7745,24216
6432,24168
6883,24148
5032,24109
7427,24054
10940,23917
17481,23835
11098,23774
6817,23772
9296,23630
7765,23506
7578,23396
6345,23216
6788,23151
6132,23143
7360,23125
5456,23055
5350,22980
5579,22894
7436,22712
4870,22469
6958,22445
5160,22211
9279,22067
7312,21732
7938,21165
7077,20688
6036,20079
5825,19550
4599,18727
7661,17706
3804,17450
7492,16799
5261,16070
7322,15554
5158,15554
6677,15554
5769,15554
4092,15554
5233,15554
7304,15554
7837,15554
6958,15554
6939,15554
6151,15554
5246,15554
5729,15554
6048,15554
7637,15554
8002,15554
3308,15554
6109,15554
2553,15554
4628,15554
4759,15554
10817,15554
8564,15554
3015,15554
6341,15554
3535,15554
5414,15554
6007,15554
10358,15554
4931,15554
6092,15554
5380,15554
3793,15554
7607,15554
2355,15554
7015,15554
6327,15554
4208,15554
7224,15554
5546,15554
3175,15554
5062,15554
1631,15554
2873,15554
2913,15554
3181,15554
6283,15554
4745,15554
6856,15554
9209,15554
1489,15554
7264,15554
4987,15554
4237,15554
5771,15554
3562,15554
5515,15554
3396,15554
3464,15554
4290,15554
4879,15554
4449,15554
9459,15554
5238,15554
5782,15554
6276,15554
844,15554
2390,15554
1187,15554
1870,15554
3724,15554
924,15554
3853,15554
4155,15554
2413,15554
4589,15554
2951,15554
1995,15554
5437,15554
4052,15554
4109,15554
2968,15554
2371,15554
683,15554
4742,15554
4771,15554
5824,15554
7924,15554
2491,15554
5778,15554
1674,15554
5160,15554
3047,15554
5915,15554
5507,15554
4987,15554
6669,15554
3049,15554
9123,15554
3203,15554
8476,15554
7145,15554
5437,15554
8629,15554
1401,15554
8099,15554
3348,15554
6915,15554
6695,15554
1914,15554
4998,15554
6772,15554
7902,15554
9995,15554
7846,15554
985,15554
3580,15554
3468,15554
6107,15554
1011,15554
5285,15554
4155,15554

==========>>>

Pos:2
Dis:75.02mm
data - cfar
76485,20186
134223,20364
112515,20409
73418,20824
79634,21155
72351,21139
74228,21287
57398,21324
62208,21367
65058,21555
31303,21936
15357,22333
13193,22358
29479,22255
28277,22144
24251,22189
22056,22236
17795,22318
12838,22416
9185,22441
12895,22410
16879,22382
14456,22386
12847,22417
14526,22403
15444,22434
12454,22496
6586,22563
8949,22640
3968,22633
6032,22694
3198,22654
7400,22608
6771,22537
9600,22485
7783,22450
7883,22475
6286,22475
6308,22483
3764,22492
6458,22521
5264,22481
7460,22450
7906,22448
6703,22419
6279,22403
6525,22386
4908,22400
3720,22433
4549,22425
4642,22390
6898,22345
7383,22299
6810,22282
5332,22253
7522,22226
5044,22229
3615,22256
4199,22241
4997,22245
4779,22242
5380,22185
5983,22157
7660,22109
5452,22083
7040,22092
4410,22093
4060,22118
4884,22126
7255,22043
6980,22061
1476,22024
5035,21920
6188,21785
4427,21704
4747,21634
1688,21523
5136,21450
4793,21380
3016,21313
5876,21184
6167,21006
5246,20849
5597,20677
3457,20476
3446,20398
5625,20300
2963,20070
3800,19584
5405,19073
6738,18632
5045,18080
4370,17570
3290,16977
5039,16430
2006,15577
3179,14584
4013,14000
4590,13345
3031,13345
5135,13345
3122,13345
1532,13345
1287,13345
1747,13345
1491,13345
4352,13345
4089,13345
4694,13345
3368,13345
2602,13345
3525,13345
1646,13345
4822,13345
2577,13345
3092,13345
5173,13345
3414,13345
5317,13345
6001,13345
5329,13345
8631,13345
1402,13345
8882,13345
8493,13345
3548,13345
5943,13345
2853,13345
1968,13345
2790,13345
1541,13345
2662,13345
5189,13345
3318,13345
1897,13345
5486,13345
6198,13345
3753,13345
5022,13345
6494,13345
1992,13345
3919,13345
3022,13345
3785,13345
6762,13345
2407,13345
3720,13345
3658,13345
2553,13345
3062,13345
4284,13345
2271,13345
3959,13345
6523,13345
1881,13345
7922,13345
7193,13345
1572,13345
7108,13345
3645,13345
4463,13345
5341,13345
1974,13345
6963,13345
7824,13345
1423,13345
5487,13345
5521,13345
1468,13345
328,13345
2286,13345
1128,13345
3527,13345
3679,13345
1610,13345
5168,13345
2764,13345
1802,13345
4070,13345
3792,13345
2140,13345
3444,13345
2352,13345
2575,13345
3311,13345
1210,13345
2749,13345
3279,13345
4379,13345
4424,13345
1859,13345
4329,13345
7439,13345
5083,13345
3306,13345
5068,13345
8980,13345
7108,13345
3523,13345
6090,13345
2984,13345
2477,13345
3153,13345
4924,13345
382,13345
5261,13345
2659,13345
4295,13345
5477,13345
1584,13345
1758,13345
2850,13345
718,13345
6491,13345
6829,13345
862,13345
3886,13345
5313,13345
5048,13345
3480,13345

==========>>>

Pos:4
Dis:150.04mm
data - cfar
27325,12302
48365,12194
61876,11753
85044,11581
72011,11800
34332,12005
59893,12199
47278,12218
31256,12375
38415,12629
14583,12804
9252,13047
7606,13112
6881,13087
13505,13038
12598,13014
8722,12998
14776,13020
8878,13008
9434,13070
6115,13133
2283,13205
890,13204
5269,13172
6196,13084
8601,13057
6329,13027
8992,13030
7307,13056
3707,13090
5127,13144
282,13167
1944,13168
3741,13122
5249,13088
4644,13043
6689,13044
4706,13031
4481,13078
2603,13103
1735,13120
2109,13125
2653,13117
2766,13082
3762,13074
3573,13045
4944,13069
2478,13085
3033,13103
1716,13106
1906,13119
1118,13075
2529,13051
3059,13009
4058,12997
2521,12990
2845,13007
1742,13011
2517,13018
1979,13006
2262,12982
2898,12921
4170,12893
3151,12880
2970,12874
3237,12891
1323,12921
1568,12907
728,12889
2088,12841
2701,12766
2458,12715
4194,12661
4914,12617
3872,12595
3034,12619
1987,12641
2267,12634
2804,12567
2994,12517
2410,12409
3585,12341
3250,12242
2982,12166
2259,12135
1622,12106
1329,12050
2350,11946
1122,11635
3810,11402
2344,11049
1952,10602
2188,10343
1792,9788
1760,9148
1663,8665
2543,8303
2380,8094
3474,7712
3654,7691
1981,7691
3046,7691
1780,7691
1666,7691
2198,7691
645,7691
2501,7691
1276,7691
2145,7691
3378,7691
1761,7691
1968,7691
2861,7691
1449,7691
2273,7691
1948,7691
3722,7691
2485,7691
2127,7691
3676,7691
1429,7691
1924,7691
1483,7691
1685,7691
2755,7691
1186,7691
1411,7691
2525,7691
1962,7691
2019,7691
1554,7691
1404,7691
2587,7691
465,7691
3746,7691
2801,7691
1444,7691
3501,7691
2555,7691
1321,7691
3014,7691
951,7691
2956,7691
3325,7691
815,7691
2751,7691
2253,7691
143,7691
1696,7691
1466,7691
1230,7691
1517,7691
2015,7691
2233,7691
2623,7691
3476,7691
1964,7691
1176,7691
2008,7691
3634,7691
2080,7691
2273,7691
2719,7691
815,7691
2142,7691
2409,7691
1269,7691
1974,7691
3889,7691
2113,7691
1326,7691
898,7691
3495,7691
5038,7691
1907,7691
2656,7691
1941,7691
397,7691
555,7691
2528,7691
1334,7691
2364,7691
2180,7691
944,7691
1447,7691
1779,7691
3430,7691
1607,7691
1040,7691
1446,7691
3442,7691
1495,7691
3147,7691
2665,7691
1045,7691
2807,7691
1104,7691
1572,7691
2401,7691
1542,7691
3011,7691
2342,7691
583,7691
1712,7691
1044,7691
1876,7691
2018,7691
3320,7691
4253,7691
3257,7691
3830,7691
4612,7691
2924,7691
3749,7691
4947,7691
4483,7691
4074,7691
2308,7691
3729,7691
3671,7691

==========>>>

Pos:4
Dis:150.04mm
data - cfar
29243,13483
54982,13378
70939,12925
87936,12870
62868,13226
26747,13358
69421,13423
53633,13356
34752,13575
40535,13881
14138,14064
11932,14323
8336,14383
8580,14378
14917,14336
12730,14334
8003,14317
14962,14322
12294,14282
10665,14350
7500,14421
3555,14494
2679,14515
6047,14470
9203,14384
9990,14370
6785,14378
7587,14407
5135,14424
5806,14443
3239,14477
3037,14484
3367,14468
5100,14420
5910,14391
5928,14359
6087,14362
4865,14365
3736,14399
1982,14423
2568,14434
2403,14408
3836,14385
5128,14323
5216,14300
5543,14272
5646,14270
2627,14283
2835,14298
3045,14291
3459,14274
4727,14221
4598,14184
4304,14146
5165,14129
3369,14125
3166,14144
2102,14137
3110,14146
2243,14115
3112,14094
3152,14053
3991,14008
3983,13975
4411,13962
2893,13949
3171,13977
1054,13966
3348,13941
2340,13897
3749,13847
3183,13793
4316,13718
4821,13680
3214,13677
1392,13697
1998,13709
2544,13657
2850,13571
3786,13485
3673,13363
3691,13326
2885,13257
3294,13161
2670,13120
2106,13093
2104,13010
2869,12924
2811,12605
3309,12360
2500,11960
2885,11419
3225,11229
2481,10748
1268,10089
2106,9574
686,9142
3406,8941
3345,8528
2288,8326
3318,8326
1503,8326
1776,8326
2119,8326
2098,8326
2119,8326
3253,8326
2722,8326
4032,8326
5056,8326
2340,8326
2132,8326
1613,8326
3822,8326
1374,8326
3970,8326
2771,8326
3324,8326
2575,8326
3115,8326
1268,8326
3269,8326
2661,8326
2571,8326
3478,8326
1459,8326
3265,8326
1586,8326
2704,8326
1144,8326
2946,8326
863,8326
2525,8326
1269,8326
2533,8326
3856,8326
2075,8326
1771,8326
2968,8326
180,8326
3097,8326
1533,8326
1957,8326
2350,8326
2283,8326
2813,8326
2423,8326
412,8326
1733,8326
874,8326
1683,8326
2240,8326
1757,8326
1375,8326
2213,8326
825,8326
2282,8326
2572,8326
1109,8326
3068,8326
2271,8326
988,8326
3240,8326
2219,8326
1834,8326
2237,8326
1132,8326
1910,8326
1503,8326
4473,8326
2736,8326
2339,8326
4429,8326
2340,8326
1580,8326
2614,8326
320,8326
2430,8326
3552,8326
1820,8326
2522,8326
3691,8326
1728,8326
3847,8326
1449,8326
3269,8326
3080,8326
851,8326
2614,8326
355,8326
3322,8326
3899,8326
2414,8326
5037,8326
4214,8326
574,8326
2111,8326
2619,8326
2831,8326
583,8326
1632,8326
1915,8326
1977,8326
410,8326
2819,8326
2413,8326
3763,8326
4563,8326
1123,8326
2743,8326
2159,8326
1622,8326
2104,8326
1580,8326
2573,8326
1011,8326
1615,8326
2041,8326
4408,8326
2067,8326

==========>>>

Pos:4
Dis:150.04mm
data - cfar
32828,16844
50290,16701
68165,16080
110164,15813
82108,16087
33020,16407
67521,16782
36432,16710
42487,16913
41407,17111
10610,17321
14345,17608
2069,17549
16745,17480
21978,17362
14542,17381
14497,17446
15277,17499
6060,17570
4700,17625
5221,17570
11244,17491
14336,17406
13914,17380
13778,17367
15092,17397
6937,17439
8743,17518
3860,17489
5889,17486
6642,17432
8316,17394
8514,17348
9631,17354
8134,17342
7842,17366
5924,17350
7164,17309
6341,17269
5969,17247
7541,17185
9870,17160
7740,17157
6446,17168
5146,17169
4953,17150
6201,17097
5863,17053
5645,17003
7588,16977
7110,16938
7032,16916
6044,16912
4773,16897
4730,16874
4563,16832
3971,16773
5600,16722
4924,16668
7432,16629
8189,16573
6748,16568
4605,16552
4994,16521
3932,16454
5490,16409
5066,16346
5167,16312
5574,16278
5406,16269
5271,16251
2947,16206
5102,16101
5681,15992
3704,15906
4032,15810
4646,15744
4285,15729
5492,15713
3577,15686
3954,15607
2558,15511
3755,15419
4733,15241
4190,15123
4274,15126
5164,15036
3445,14963
4342,14664
3565,14347
3864,14102
2437,13564
5535,13317
4370,12675
4595,11827
3761,11309
3521,10939
3240,10693
2491,10333
2566,9957
3977,9957
3396,9957
4338,9957
4151,9957
3153,9957
3588,9957
1964,9957
2153,9957
2975,9957
3036,9957
2198,9957
3959,9957
4100,9957
2243,9957
2671,9957
2425,9957
2487,9957
4324,9957
2003,9957
2883,9957
4830,9957
1854,9957
3265,9957
4079,9957
670,9957
3097,9957
2709,9957
2913,9957
2671,9957
4519,9957
2861,9957
3896,9957
3727,9957
1454,9957
2493,9957
2521,9957
1170,9957
2586,9957
3156,9957
1325,9957
2168,9957
3411,9957
1055,9957
2234,9957
2633,9957
3519,9957
2381,9957
1835,9957
2184,9957
902,9957
2079,9957
1566,9957
3274,9957
1380,9957
2612,9957
4020,9957
1925,9957
2393,9957
2628,9957
1463,9957
2042,9957
2822,9957
1648,9957
2345,9957
1959,9957
2799,9957
3850,9957
940,9957
2152,9957
707,9957
1985,9957
1170,9957
3429,9957
4820,9957
1642,9957
2293,9957
2308,9957
2451,9957
3720,9957
1122,9957
2296,9957
2822,9957
2207,9957
1458,9957
1949,9957
2752,9957
3484,9957
1340,9957
2282,9957
2936,9957
915,9957
1748,9957
2002,9957
482,9957
3706,9957
3632,9957
2660,9957
4020,9957
237,9957
4718,9957
4205,9957
2061,9957
4406,9957
1580,9957
2738,9957
1989,9957
1713,9957
2892,9957
1526,9957
1713,9957
269,9957
2100,9957
2634,9957
3674,9957
1641,9957
2833,9957
4399,9957
737,9957
4290,9957
4060,9957

==========>>>

Pos:4
Dis:150.04mm
data - cfar
42365,19637
46558,19291
88455,18528
137759,18268
79788,18663
36519,19119
79714,19405
43804,19236
58004,19571
38599,19838
10317,20101
23417,20378
2273,20312
16198,20312
21076,20221
14507,20248
11892,20317
11715,20376
7957,20430
3968,20467
5946,20500
2729,20409
13656,20307
15804,20208
15238,20190
13538,20222
7444,20266
8734,20291
4309,20278
7453,20251
9127,20180
9185,20137
8710,20085
12376,20071
9500,20037
9463,20076
5661,20060
7682,20052
6869,19993
8240,19980
5906,19925
10322,19903
9630,19871
9042,19864
7396,19857
7994,19852
5761,19815
6832,19781
7091,19716
9645,19646
9361,19623
8529,19625
8229,19603
6710,19608
6984,19566
6366,19539
5776,19499
6069,19457
7914,19415
7343,19355
8230,19322
6721,19308
6660,19279
7751,19237
5237,19165
5780,19129
6556,19078
6617,19018
7869,18965
6646,18941
8097,18911
6122,18884
7175,18815
6191,18722
4274,18621
6400,18560
5952,18561
6674,18533
5565,18520
5751,18491
5189,18438
5940,18386
5266,18308
4469,18137
7219,18051
4744,18039
7194,17876
5908,17829
5223,17577
4538,17134
5935,16853
2967,16249
4736,15997
5520,15387
4765,14285
6628,13598
6623,13265
4678,12966
5418,12646
5010,12066
3661,12066
4370,12066
3321,12066
5947,12066
5851,12066
5518,12066
4707,12066
5924,12066
2272,12066
4863,12066
5169,12066
4395,12066
5393,12066
6009,12066
4681,12066
4533,12066
5670,12066
4018,12066
3395,12066
4198,12066
3779,12066
2943,12066
5209,12066
2009,12066
4995,12066
4812,12066
2548,12066
2340,12066
2493,12066
3681,12066
4237,12066
4938,12066
2824,12066
4582,12066
2517,12066
4408,12066
2669,12066
4341,12066
5393,12066
3157,12066
4218,12066
4287,12066
3342,12066
4197,12066
5217,12066
721,12066
5389,12066
4560,12066
2591,12066
6459,12066
1843,12066
5367,12066
4368,12066
2115,12066
4472,12066
1428,12066
2299,12066
3152,12066
5369,12066
2632,12066
2480,12066
2860,12066
4108,12066
3679,12066
841,12066
2742,12066
3139,12066
4552,12066
2892,12066
1662,12066
2135,12066
5765,12066
5274,12066
1520,12066
2149,12066
2839,12066
5310,12066
4846,12066
3865,12066
781,12066
4683,12066
3481,12066
1450,12066
4948,12066
4014,12066
1829,12066
5958,12066
3479,12066
4088,12066
4323,12066
155,12066
2544,12066
4307,12066
3264,12066
4338,12066
5954,12066
1596,12066
5090,12066
1714,12066
4027,12066
3136,12066
2427,12066
3275,12066
1067,12066
4235,12066
3397,12066
1274,12066
2142,12066
2903,12066
4838,12066
2263,12066
3333,12066
4439,12066
725,12066
3051,12066
1884,12066
306,12066
3660,12066
4931,12066
298,12066

==========>>>

Pos:4
Dis:150.04mm
data - cfar
39587,14522
51899,14613
40338,14242
85837,13972
85237,14028
33434,14146
70461,14355
60992,14370
31351,14515
52260,14817
23433,14904
19048,15116
23998,15236
8368,15282
11087,15394
12126,15355
15063,15307
15682,15307
15249,15335
13904,15355
10757,15447
2665,15516
2752,15564
1872,15555
5920,15490
8529,15427
8914,15424
8706,15403
10767,15428
7379,15453
6506,15487
4257,15523
3164,15527
3171,15502
5494,15492
4908,15459
6893,15438
6394,15431
7983,15437
5599,15448
2281,15454
4415,15453
3023,15436
2925,15444
3370,15413
3993,15390
5725,15371
5162,15361
5469,15359
4358,15363
988,15352
2587,15332
2521,15288
4542,15273
2877,15277
3951,15286
4228,15258
4387,15275
3418,15266
3205,15235
1311,15204
3043,15155
3558,15117
3672,15082
4044,15054
5259,15057
3525,15036
4671,15007
3127,14969
2430,14909
1992,14864
2488,14791
4824,14719
3415,14694
1628,14689
4443,14679
4277,14662
2345,14597
3946,14525
1567,14429
1671,14333
2698,14234
2725,14171
1596,14103
3177,14072
2031,13908
2763,13766
3838,13615
1728,13245
1935,13023
3212,12575
1124,12050
2157,11815
1719,11154
2116,10498
2382,10172
3351,9779
3307,9488
1629,9100
1312,8840
1893,8840
1702,8840
3306,8840
3141,8840
2004,8840
2437,8840
2620,8840
1270,8840
2195,8840
1077,8840
3951,8840
4402,8840
1290,8840
4675,8840
4038,8840
1544,8840
1414,8840
1911,8840
1627,8840
3642,8840
1022,8840
3897,8840
4861,8840
1633,8840
4020,8840
4090,8840
2521,8840
3765,8840
2444,8840
2198,8840
4057,8840
3090,8840
1289,8840
3517,8840
2741,8840
708,8840
1568,8840
1487,8840
2469,8840
2754,8840
1615,8840
2394,8840
2076,8840
1084,8840
2783,8840
1854,8840
818,8840
1412,8840
1947,8840
1766,8840
4842,8840
3910,8840
2335,8840
3871,8840
3410,8840
959,8840
2117,8840
1109,8840
2482,8840
2014,8840
1375,8840
3289,8840
2248,8840
783,8840
1453,8840
476,8840
2316,8840
2079,8840
874,8840
1885,8840
856,8840
2333,8840
1247,8840
1998,8840
2053,8840
2426,8840
2335,8840
3585,8840
4055,8840
3027,8840
3675,8840
4445,8840
1739,8840
3981,8840
4536,8840
2678,8840
3579,8840
4262,8840
2148,8840
2536,8840
2904,8840
675,8840
3279,8840
2045,8840
660,8840
1883,8840
2139,8840
1080,8840
615,8840
1769,8840
1819,8840
990,8840
1490,8840
2375,8840
2433,8840
1639,8840
2574,8840
1810,8840
1316,8840
1540,8840
3847,8840
1497,8840
3065,8840
3634,8840
2573,8840
4361,8840
2437,8840
1929,8840
2447,8840
747,8840

==========>>>

Pos:4
Dis:150.04mm
data - cfar
30633,12946
46530,12900
52683,12501
81335,12281
75250,12442
34118,12594
60666,12778
52414,12794
31966,12953
39864,13255
14820,13419
12950,13646
10242,13715
5797,13718
11465,13688
13760,13670
8389,13633
15278,13640
11422,13612
10792,13655
9112,13717
3447,13761
3063,13819
4317,13814
5467,13761
7730,13758
8185,13724
7986,13725
8175,13759
3584,13795
4292,13825
1970,13820
3676,13808
2593,13763
5416,13748
5155,13702
6646,13697
4313,13691
5464,13719
3188,13725
3592,13747
1653,13718
3601,13729
2546,13685
5306,13679
4339,13678
4952,13694
3291,13688
4002,13695
2238,13680
3519,13674
2444,13662
2726,13651
3785,13610
3606,13603
3344,13586
3864,13587
4001,13576
1515,13595
1886,13594
2884,13569
2004,13529
3542,13498
3904,13443
4697,13427
4791,13429
2654,13434
3813,13432
2300,13435
1866,13402
1848,13345
3683,13309
2570,13240
4689,13231
3043,13230
2717,13259
2580,13287
2677,13253
1290,13179
3449,13125
2979,13022
2951,12965
2796,12873
3978,12792
2929,12758
3468,12711
1787,12635
2670,12553
932,12246
3448,11995
3145,11592
2097,11130
3189,10889
3059,10325
1636,9712
2616,9320
2022,8969
2358,8759
2790,8400
2438,8190
4854,8190
1801,8190
2556,8190
3047,8190
2771,8190
1652,8190
4361,8190
935,8190
3218,8190
1789,8190
3685,8190
3129,8190
2124,8190
1426,8190
2377,8190
615,8190
2512,8190
441,8190
5233,8190
4470,8190
2605,8190
6075,8190
1860,8190
2437,8190
1615,8190
3137,8190
1408,8190
2109,8190
1602,8190
2410,8190
3424,8190
1801,8190
303,8190
2394,8190
1968,8190
1606,8190
2938,8190
649,8190
3682,8190
1613,8190
3774,8190
5082,8190
2378,8190
2445,8190
481,8190
2288,8190
914,8190
3957,8190
3288,8190
1227,8190
2304,8190
1513,8190
2154,8190
432,8190
3524,8190
4243,8190
1614,8190
3284,8190
2260,8190
1105,8190
1793,8190
2720,8190
1648,8190
1572,8190
3257,8190
2024,8190
2143,8190
4302,8190
1806,8190
3768,8190
4240,8190
4640,8190
6646,8190
3410,8190
2246,8190
4914,8190
3881,8190
507,8190
3064,8190
1289,8190
2052,8190
2171,8190
3081,8190
1874,8190
2613,8190
656,8190
2575,8190
1908,8190
3384,8190
3449,8190
3084,8190
1980,8190
2842,8190
4189,8190
1474,8190
2019,8190
1614,8190
1990,8190
776,8190
3233,8190
1223,8190
2834,8190
3122,8190
403,8190
3022,8190
3036,8190
959,8190
2467,8190
3546,8190
436,8190
3586,8190
2058,8190
2751,8190
2385,8190
2387,8190
4136,8190
1259,8190
589,8190
3593,8190
4447,8190

==========>>>

Pos:4
Dis:150.04mm
data - cfar
32914,15438
58357,15358
68932,14862
95735,14671
85224,14874
46259,15063
69724,15312
51267,15413
34224,15649
40313,15958
9850,16117
14772,16395
6860,16435
7372,16439
14845,16338
16691,16334
9371,16313
17848,16343
12848,16334
11724,16402
8125,16488
3120,16557
5399,16566
6018,16499
9544,16466
10638,16461
8204,16465
8283,16496
6604,16515
4621,16581
3068,16608
4459,16621
3460,16602
6952,16562
7098,16507
7341,16495
7037,16467
5385,16476
6148,16504
2807,16511
4162,16530
3746,16491
5804,16465
6024,16414
6977,16375
5038,16370
5323,16396
3393,16369
4782,16394
2114,16360
5598,16352
4891,16298
6583,16278
6532,16231
6203,16229
4637,16200
5517,16230
3093,16228
3321,16247
3617,16206
4051,16178
5741,16131
5717,16098
5702,16082
5946,16050
4395,16062
2168,16075
3369,16097
2210,16048
4540,15999
4992,15946
4855,15947
883,15873
4287,15817
5486,15779
3726,15775
2806,15777
4415,15756
3897,15680
4059,15631
4334,15535
4182,15487
2159,15361
4387,15273
2712,15221
2559,15185
4081,15093
1480,15001
5543,14688
4595,14437
2387,14056
5590,13522
4093,13202
448,12559
3874,11814
3439,11276
3073,10847
3528,10600
3517,10191
6488,10191
3456,10191
2097,10191
3090,10191
3245,10191
5078,10191
3222,10191
2206,10191
5824,10191
5142,10191
3272,10191
1448,10191
3571,10191
4522,10191
4399,10191
5204,10191
2737,10191
5616,10191
5233,10191
2736,10191
3484,10191
5313,10191
2488,10191
4022,10191
4862,10191
3480,10191
5299,10191
4658,10191
2596,10191
5870,10191
3619,10191
2555,10191
4283,10191
551,10191
3888,10191
3043,10191
2957,10191
3019,10191
3644,10191
3166,10191
3047,10191
730,10191
5313,10191
4575,10191
1892,10191
2117,10191
2603,10191
2487,10191
2995,10191
3440,10191
2294,10191
3879,10191
1098,10191
4428,10191
2629,10191
3300,10191
1858,10191
4275,10191
3237,10191
4825,10191
5250,10191
1601,10191
1436,10191
3573,10191
3593,10191
746,10191
2103,10191
4220,10191
4632,10191
562,10191
3156,10191
3970,10191
3472,10191
2223,10191
5668,10191
3303,10191
6618,10191
5991,10191
1428,10191
767,10191
2206,10191
1100,10191
2108,10191
1851,10191
1136,10191
1236,10191
3370,10191
3048,10191
1552,10191
3741,10191
2029,10191
725,10191
3473,10191
3602,10191
1804,10191
1670,10191
2855,10191
3308,10191
4834,10191
6047,10191
2026,10191
7392,10191
7709,10191
2950,10191
4887,10191
4393,10191
2188,10191
6364,10191
2589,10191
8151,10191
9328,10191
3802,10191
2088,10191
2251,10191
3336,10191
5454,10191
2904,10191
2282,10191
2279,10191
6623,10191
7943,10191

==========>>>

Pos:5
Dis:187.55mm
data - cfar
15601,18750
43417,18490
75097,17935
88645,17591
89440,17808
45753,18153
44661,18356
59863,18521
24810,18516
42628,18799
25080,18922
8809,19152
12431,19343
1447,19335
9985,19271
18029,19188
9308,19088
19592,19116
12895,19055
14751,19143
9314,19142
9934,19179
10772,19185
8348,19139
12723,19093
13680,18997
13330,18955
12432,18935
14643,18953
9188,18953
10736,19028
6929,19012
9410,19029
7408,18968
11023,18941
9350,18883
11995,18872
8936,18821
10965,18864
6203,18840
9610,18861
5987,18831
8896,18809
6876,18711
11367,18716
7775,18658
9656,18658
9263,18632
9006,18640
5494,18629
7000,18590
6612,18523
8190,18494
6347,18407
9798,18388
8433,18346
6749,18358
7152,18335
6084,18315
7083,18260
7012,18202
6662,18139
6541,18078
8307,18019
6386,17978
7115,17966
5254,17938
5274,17908
4620,17842
6603,17763
6153,17671
7392,17581
7791,17490
8142,17411
6905,17388
5894,17344
5002,17306
6777,17269
4302,17175
5668,17126
5856,16962
6516,16934
5899,16818
6338,16786
3646,16816
5881,16751
4770,16681
5853,16528
3995,16189
5858,16040
5325,15568
7389,15239
5845,14906
5228,14229
4845,13580
3154,13015
5382,12688
4107,12573
5942,12254
7218,11693
3329,11609
5600,11609
3513,11609
5267,11609
3241,11609
5049,11609
5478,11609
3691,11609
6423,11609
3783,11609
3812,11609
3268,11609
3461,11609
4234,11609
3394,11609
5205,11609
3630,11609
5756,11609
5761,11609
3854,11609
5132,11609
699,11609
1760,11609
4542,11609
4822,11609
2840,11609
7110,11609
3460,11609
5864,11609
2827,11609
4784,11609
3784,11609
3152,11609
2145,11609
6780,11609
3751,11609
4820,11609
5603,11609
2999,11609
2750,11609
5828,11609
3569,11609
4582,11609
4941,11609
2270,11609
5369,11609
1967,11609
3911,11609
3345,11609
3557,11609
4754,11609
3916,11609
4912,11609
4384,11609
3999,11609
3839,11609
2213,11609
3425,11609
2850,11609
3310,11609
2792,11609
4838,11609
2262,11609
4420,11609
2199,11609
5543,11609
3487,11609
3204,11609
4147,11609
2200,11609
3495,11609
2111,11609
4971,11609
3086,11609
3450,11609
5799,11609
1065,11609
5926,11609
3894,11609
2999,11609
5246,11609
2621,11609
2160,11609
3807,11609
745,11609
5478,11609
3416,11609
2989,11609
3526,11609
1070,11609
3736,11609
3737,11609
1273,11609
3773,11609
4819,11609
3245,11609
5399,11609
2689,11609
1667,11609
3213,11609
2995,11609
2416,11609
4264,11609
3398,11609
3754,11609
5569,11609
826,11609
5953,11609
5015,11609
2176,11609
4453,11609
1030,11609
3233,11609
1600,11609
4958,11609
816,11609
4665,11609
3120,11609
3667,11609
1901,11609

==========>>>

Pos:7
Dis:262.57mm
data - cfar
30420,13618
35412,13708
22000,13543
49643,13512
38943,13452
30840,13293
70309,13222
48831,13225
29481,13441
42688,13703
16607,13847
12017,14106
9741,14199
5156,14173
12121,14142
13371,14086
9487,14081
12396,14086
11396,14094
7031,14122
4385,14129
8861,13948
24883,13694
31849,13618
15082,13617
17673,13718
17144,13792
7272,13877
10721,13972
4865,13985
6812,14058
2018,14040
5991,14046
2886,14037
5477,14021
4512,13988
7509,13998
4462,13985
6785,13994
4217,14017
853,14006
5526,13933
8530,13866
4544,13864
5659,13868
5158,13819
6811,13830
5137,13817
3850,13859
1593,13851
3584,13830
2138,13768
5042,13724
5888,13679
3417,13658
5515,13594
6409,13552
4808,13584
2684,13593
4354,13553
3187,13541
3273,13510
3668,13479
4634,13463
2253,13446
5089,13425
4186,13422
2777,13413
678,13418
2226,13352
3160,13271
6137,13132
6398,12977
8980,12890
4812,12671
6237,12535
5790,12491
2933,12483
5172,12465
2109,12375
4135,12309
3465,12237
3744,12150
2964,12078
3990,12059
2342,12019
1120,11974
979,11851
2139,11519
3645,11276
3751,10901
4120,10378
4114,10162
1427,9890
3127,9522
3850,9352
2871,9116
848,8894
2175,8630
2780,8452
2641,8190
4717,8190
4943,8190
2827,8190
3315,8190
3075,8190
1799,8190
1043,8190
2584,8190
853,8190
2678,8190
966,8190
3105,8190
2820,8190
605,8190
691,8190
1285,8190
766,8190
1512,8190
1388,8190
1702,8190
4433,8190
7720,8190
6919,8190
2010,8190
1840,8190
3423,8190
2921,8190
2004,8190
4499,8190
1192,8190
4073,8190
3568,8190
3790,8190
2264,8190
1944,8190
2108,8190
1540,8190
694,8190
3302,8190
3009,8190
1111,8190
2979,8190
684,8190
1607,8190
1392,8190
776,8190
2342,8190
1876,8190
1217,8190
2346,8190
1018,8190
1517,8190
2185,8190
3290,8190
72,8190
3570,8190
2785,8190
2077,8190
2405,8190
2145,8190
2884,8190
2197,8190
1315,8190
3498,8190
2733,8190
2533,8190
3671,8190
3782,8190
2735,8190
4057,8190
4392,8190
1394,8190
2290,8190
1101,8190
1222,8190
2378,8190
1911,8190
1257,8190
3445,8190
1351,8190
2874,8190
3344,8190
744,8190
3195,8190
1467,8190
3304,8190
4577,8190
1128,8190
3445,8190
2796,8190
1950,8190
3221,8190
653,8190
1922,8190
1167,8190
1206,8190
1740,8190
625,8190
1703,8190
1295,8190
846,8190
703,8190
2023,8190
2129,8190
785,8190
388,8190
1781,8190
2396,8190
504,8190
2118,8190
2539,8190
2352,8190
3378,8190
2295,8190
3065,8190
3350,8190
1513,8190
1342,8190
607,8190

==========>>>

Pos:4
Dis:150.04mm
data - cfar
27830,13822
53874,13731
65365,13302
84056,13138
73976,13349
37682,13513
63834,13681
52775,13692
35435,13876
40794,14171
14916,14331
14404,14596
9711,14678
5072,14705
11530,14671
12712,14644
7322,14596
15548,14601
9823,14564
11487,14603
11343,14648
5000,14700
4764,14731
7848,14713
7561,14654
9610,14668
6450,14656
8938,14672
7734,14686
5211,14723
4401,14775
2493,14804
1747,14785
4933,14766
4812,14711
5624,14687
6939,14677
4785,14674
5181,14705
2233,14709
3612,14708
2661,14685
3594,14653
3715,14592
4811,14568
5643,14507
7427,14500
4725,14472
5108,14505
2458,14487
5045,14491
2314,14434
4810,14413
3463,14348
7530,14321
5211,14313
3462,14340
4153,14338
2498,14357
2005,14347
3471,14312
2674,14263
3914,14242
3396,14197
4490,14165
4691,14162
3329,14159
4341,14161
1515,14142
3046,14111
2161,14042
3397,14000
3266,13918
4034,13876
2474,13824
3296,13830
1334,13804
2457,13755
1663,13682
2045,13604
3781,13482
4189,13428
2251,13339
4700,13286
2402,13264
1540,13243
631,13156
2910,13055
1497,12732
3663,12471
3734,12053
2868,11563
3354,11294
2707,10717
2667,10099
613,9613
2566,9196
2604,8977
2457,8572
1986,8265
1770,8265
3874,8265
2912,8265
2970,8265
3913,8265
949,8265
2166,8265
3073,8265
2195,8265
2931,8265
3312,8265
1087,8265
2095,8265
1594,8265
1560,8265
2345,8265
3288,8265
1267,8265
3677,8265
2812,8265
1378,8265
3636,8265
3246,8265
2311,8265
3545,8265
1780,8265
5577,8265
3585,8265
2864,8265
4345,8265
329,8265
2906,8265
1391,8265
2614,8265
1197,8265
1802,8265
1619,8265
1880,8265
1234,8265
1925,8265
2535,8265
770,8265
1300,8265
1030,8265
1657,8265
3062,8265
2471,8265
2548,8265
1469,8265
1776,8265
690,8265
2585,8265
2723,8265
637,8265
3174,8265
3233,8265
570,8265
2606,8265
2846,8265
954,8265
1596,8265
1422,8265
1939,8265
1479,8265
2428,8265
1731,8265
1978,8265
1416,8265
1048,8265
1298,8265
1341,8265
2802,8265
1689,8265
3557,8265
2975,8265
1223,8265
2601,8265
719,8265
2301,8265
3136,8265
1488,8265
3068,8265
3845,8265
2065,8265
2938,8265
3235,8265
1109,8265
1546,8265
2487,8265
730,8265
2990,8265
3696,8265
953,8265
2034,8265
1993,8265
1953,8265
672,8265
1952,8265
1375,8265
2027,8265
3273,8265
1245,8265
733,8265
2441,8265
3307,8265
503,8265
2860,8265
1852,8265
2529,8265
3669,8265
228,8265
3992,8265
3318,8265
331,8265
805,8265
788,8265
1131,8265
359,8265
319,8265
1517,8265

==========>>>

Pos:4
Dis:150.04mm
data - cfar
31586,14281
53121,14243
58150,13835
82198,13689
74097,13814
36657,13826
67910,13902
54637,13915
31302,14118
42664,14419
16455,14564
12375,14825
10080,14882
4959,14889
11368,14883
13753,14850
9359,14799
15377,14795
12823,14779
11352,14803
9340,14906
3724,14976
2074,15019
3668,15009
5783,14931
9452,14888
7721,14854
7550,14857
7395,14877
5295,14884
5051,14927
2516,14933
3498,14922
3445,14886
5219,14859
5471,14829
6849,14830
4452,14840
5856,14875
3415,14883
3307,14906
2135,14897
3498,14879
3704,14827
5648,14787
4764,14754
5747,14746
3779,14748
4054,14762
3366,14765
2937,14760
3178,14718
4323,14683
4529,14630
5282,14617
3816,14610
3522,14622
3973,14636
3081,14628
2451,14635
2529,14642
3540,14646
2402,14649
5753,14641
4985,14606
4280,14637
4235,14686
1889,14670
2383,14684
1585,14629
3614,14591
3093,14554
3649,14487
3800,14479
3143,14475
4165,14463
3397,14467
661,14420
4673,14345
4270,14240
3566,14143
3647,14112
3077,14045
3603,13959
3864,13922
6657,13856
3595,13801
2432,13715
2122,13421
2041,13169
4564,12701
13177,12110
15009,11802
8989,11353
645,10793
4962,10401
4053,9981
4281,9758
3880,9356
3183,9205
3291,9205
2301,9205
3359,9205
857,9205
2420,9205
2115,9205
1884,9205
4096,9205
2324,9205
3769,9205
6424,9205
3299,9205
1271,9205
2122,9205
4275,9205
1648,9205
4592,9205
2983,9205
3983,9205
3845,9205
1343,9205
2275,9205
487,9205
1970,9205
1659,9205
880,9205
2348,9205
3268,9205
1308,9205
3052,9205
4335,9205
1965,9205
2978,9205
4148,9205
3470,9205
2907,9205
3200,9205
2480,9205
1890,9205
2164,9205
789,9205
2236,9205
191,9205
2496,9205
2826,9205
3585,9205
2256,9205
1316,9205
1991,9205
995,9205
1633,9205
1531,9205
2334,9205
4344,9205
1306,9205
5331,9205
5800,9205
7288,9205
9151,9205
5607,9205
889,9205
5932,9205
5564,9205
1218,9205
4315,9205
2152,9205
3568,9205
5003,9205
1242,9205
4705,9205
3704,9205
223,9205
1759,9205
3893,9205
2645,9205
2462,9205
2061,9205
4227,9205
5368,9205
671,9205
3771,9205
1825,9205
3923,9205
1041,9205
3878,9205
1482,9205
6353,9205
6022,9205
2108,9205
4745,9205
1123,9205
3563,9205
3640,9205
2284,9205
1298,9205
3188,9205
2744,9205
4708,9205
1939,9205
4503,9205
3287,9205
3368,9205
4835,9205
1259,9205
1931,9205
3305,9205
3949,9205
985,9205
1814,9205
2895,9205
3831,9205
2007,9205
3556,9205
2941,9205
728,9205
2494,9205
4847,9205
3242,9205
3370,9205
3361,9205

