==========>>>

Pos:6
Dis:225.06mm
data - cfar
16365,74581
22044,74521
35925,74531
34461,74392
34528,74023
80869,73745
63414,73790
29709,73943
55848,74289
19190,74373
20147,74492
25436,74012
17161,73496
40352,73430
34171,73285
24850,73296
32540,73292
19732,73293
27641,73334
23008,73220
33568,73135
31387,72917
48781,72907
30910,72715
57668,72851
23250,72647
63199,72923
22022,72413
81005,72602
21677,71885
112078,72130
26307,70705
184498,71266
40813,67577
494387,62581
808003,58413
568768,61619
80479,66826
153377,70870
45808,70750
119285,71865
38500,71867
72536,72388
36197,72338
47208,72525
28431,72479
39019,72446
29160,72327
30200,72251
28143,72114
24063,71946
29786,71804
13465,71614
22566,71413
14144,71074
24828,70645
8435,70298
22821,69568
3679,69172
17428,68160
4097,67470
15483,63116
5557,56666
16314,52883
3639,52563
9323,51134
20544,50732
31660,49915
3136,49751
24660,49298
14213,49089
8756,48790
3709,48624
17038,48242
5560,47921
15278,47707
3053,47430
16809,47288
2614,47029
15645,46986
343,46716
22132,46533
9181,46198
21043,46118
3111,45452
54092,45004
65544,44652
26270,44890
8224,45257
2137,45019
7314,44951
4331,44532
8179,43963
6413,43724
12095,43501
7802,43092
31277,42762
37624,42533
27116,42601
6966,42603
4662,42558
1839,42342
5250,41747
1633,41288
1747,41037
9365,40568
10958,40446
2711,40341
8876,40243
3468,40070
10452,39815
2751,39577
7102,39480
3296,39177
11249,39095
2107,38844
9755,38768
1212,38490
11378,38318
7504,38126
8713,38126
10229,38126
8074,38126
7359,38126
7034,38126
2354,38126
8017,38126
2911,38126
9036,38126
4461,38126
6987,38126
5635,38126
7590,38126
9003,38126
6782,38126
27210,38126
49219,38126
35358,38126
7772,38126
16595,38126
2120,38126
10372,38126
7657,38126
10673,38126
7633,38126
7830,38126
7495,38126
6337,38126
2792,38126
6190,38126
4628,38126
4052,38126
3210,38126
5661,38126
4593,38126
6438,38126
4977,38126
5339,38126
3268,38126
3322,38126
4094,38126
7654,38126
3484,38126
2344,38126
4999,38126
6225,38126
1137,38126
4412,38126
5080,38126
6090,38126
1807,38126
7645,38126
7569,38126
2947,38126
2807,38126
5622,38126
5113,38126
2825,38126
3144,38126
5019,38126
905,38126
4918,38126
4036,38126
4394,38126
2330,38126
6692,38126
17277,38126
16337,38126
7832,38126
12120,38126
5753,38126
9021,38126
5764,38126
6632,38126
6371,38126
3239,38126
3481,38126
5460,38126
2447,38126
5147,38126
2140,38126
5714,38126
4716,38126
6290,38126
5633,38126
2927,38126
1969,38126
7603,38126
5460,38126
2623,38126
4410,38126
2285,38126
3317,38126
7648,38126
7278,38126
5176,38126
5225,38126
2582,38126
4999,38126
3203,38126

==========>>>

Pos:6
Dis:225.06mm
data - cfar
16720,70276
23148,70146
36480,70077
34357,69984
32703,69591
81169,69350
63851,69378
29353,69559
57692,69887
20358,69804
21634,70072
25649,69844
18655,69429
39549,69283
32829,69209
24777,69273
29532,69275
20644,69262
26345,69292
23741,69178
32501,69060
32165,68859
45929,68809
32999,68589
56277,68605
22048,68310
58371,68495
21217,67882
74706,67763
23807,66781
105468,67075
25500,65720
170315,66258
32689,62917
449285,58505
725308,54778
503934,57786
68000,62467
133827,66162
35286,65890
105304,66697
33591,66620
61645,67072
31202,67070
40019,67265
24489,67215
33310,67240
24863,67129
27381,67025
28276,66934
16252,66895
21253,66838
15349,66648
22810,66474
10860,66254
19952,65944
7331,65653
21219,65029
2481,64708
16547,63840
3518,63264
13334,59430
3642,53655
12403,50212
5302,49905
15511,48496
27646,48197
22011,47164
45964,46802
53817,46228
28166,46293
18922,46161
19495,46095
22369,45723
15951,45464
21278,45273
7297,45036
21225,44949
6894,44753
10757,44739
2729,44509
18391,44370
3965,44125
14525,43935
15370,43311
45232,43052
35073,42946
8459,43004
26262,43179
7588,42800
5776,42779
7316,42355
7448,41713
8585,41477
11290,41237
6740,40912
17483,40720
14348,40563
15532,40478
9070,40318
3543,40142
6383,39954
7605,39325
5223,38862
5608,38659
7986,38215
10428,38078
4396,37940
10679,37827
3950,37667
11279,37437
2115,37198
6390,37108
2705,36876
8816,36769
4284,36546
12060,36445
4055,36188
15430,36188
12200,36188
490,36188
7525,36188
7338,36188
3151,36188
4181,36188
5807,36188
10063,36188
2569,36188
10810,36188
5917,36188
8586,36188
2752,36188
13060,36188
5000,36188
15913,36188
5258,36188
23255,36188
23889,36188
3180,36188
16968,36188
10388,36188
11068,36188
9316,36188
5127,36188
10018,36188
7246,36188
13778,36188
13185,36188
6925,36188
7655,36188
7918,36188
6934,36188
7030,36188
8879,36188
3773,36188
6214,36188
5835,36188
5369,36188
2790,36188
5102,36188
5650,36188
7106,36188
4387,36188
4966,36188
4143,36188
8226,36188
2409,36188
7364,36188
7862,36188
6206,36188
1868,36188
6704,36188
7447,36188
7061,36188
2360,36188
6095,36188
2999,36188
5134,36188
5519,36188
5749,36188
1812,36188
6422,36188
5331,36188
10015,36188
15044,36188
6970,36188
7708,36188
10082,36188
2554,36188
6826,36188
3210,36188
4255,36188
1874,36188
5698,36188
3910,36188
5348,36188
2973,36188
7418,36188
3119,36188
4511,36188
4037,36188
6679,36188
1701,36188
6832,36188
4963,36188
5196,36188
1896,36188
4929,36188
4793,36188
6932,36188
4897,36188
7457,36188
6243,36188
5892,36188
3911,36188
5545,36188
7014,36188
3710,36188
3152,36188
6441,36188

==========>>>

Pos:5
Dis:187.55mm
data - cfar
30639,41597
57937.401826,41641.589041
57358.452055,41417.182648
66969.821918,41293.369863
72337.757991,41569.406393
24414.237443,41624.853881
54843.520548,41706.39726
61508.420091,41709.127854
25048.360731,41739.589041
43186.082192,42031.109589
17438.077626,42024.287671
24091.812785,41980.520548
18198.90411,41617.164384
10900.091324,41354.442922
11974.269406,41236.913242
23334.054795,41092.821918
14852.255708,40908.054795
24637.579909,40920.547945
20884.452055,40835.246575
22148.945205,40859.150685
20091.333333,40834.488584
16964.027397,40885.191781
16510.625571,40920.575342
15881.488584,40948.118721
16958.780822,40917.30137
21444.940639,40821.342466
27627.671233,40689.242009
22541.863014,40341.821918
32683.3379,40003.059361
22856.744292,39539.716895
39056.164384,39439.027397
26781.835616,39062.292237
59518.260274,39016.995434
37397.068493,37988.205479
151409.575342,36365.26484
263684.812785,35087.114155
198243.60274,35554.931507
85113.465753,36949.826484
81340.894977,38186.018265
48313.780822,38756.205479
36287.561644,39411.730594
24837.936073,39759.150685
26000.342466,39851.821918
27896.958904,39914.182648
17405.191781,39963.479452
12822.684932,40058.917808
11398.109589,40083.223744
9298.83105,40050.018265
10632.684932,40002.054795
11812.757991,39951.347032
10805.141553,39919.958904
12651.260274,39898.315068
10327.059361,39824.410959
11806.525114,39772.191781
9957.150685,39667
7898.611872,39499.771689
7436.242009,39389.675799
6478.232877,39230.082192
7625.575342,39018.995434
6814.917808,38583.634703
8549.39726,38003.808219
7514.305936,37249.109589
9487.068493,35626.442922
6971.39726,33680.09589
4773.652968,32700.255708
8750.949772,32345.812785
13555.328767,31893.041096
14839.068493,31570.497717
23861.283105,31053.547945
46738.287671,30582.986301
53905.077626,30252.922374
38209.894977,30356.100457
15203.342466,30534.164384
8295,30650.666667
8437.392694,30627.799087
5629.506849,30538.958904
7130.881279,30480.885845
4923.899543,30335.415525
10157.821918,30185.315068
7153.908676,30011.310502
8110,29870.456621
8437.068493,29641.849315
15686.305936,29455.776256
18292.442922,29236.39726
18108.643836,28923.30137
48550.429224,28568.954338
55755.319635,28350.333333
31948.657534,28528.287671
6568.273973,28766.324201
10919.643836,28718.968037
8936.780822,28553.287671
7097.995434,28123.43379
9225.739726,27776.821918
6895.712329,27594.328767
3379.406393,27064.073059
7787.940639,26578.557078
4855.520548,26119.410959
7569.059361,25684.351598
11851.196347,25384.579909
11619.972603,24954
6837.630137,24589.643836
4056.872146,24184.840183
3516.616438,23660.150685
9259.296804,23474.246575
6157.136986,23070.849315
2027.123288,22860
3987.347032,22860
3940.607306,22860
5369.726027,22860
4684.045662,22860
787.954338,22860
4887.808219,22860
4731.977169,22860
4187.803653,22860
7027.534247,22860
4370.968037,22860
5654.712329,22860
3206.643836,22860
4968.977169,22860
8613.365297,22860
8473.863014,22860
10573.73516,22860
6986.748858,22860
5003.342466,22860
9184.821918,22860
6074.39726,22860
2103,22860
1847.593607,22860
4639.506849,22860
5196.465753,22860
3568.178082,22860
3004.141553,22860
2295.369863,22860
3947.671233,22860
4868.283105,22860
15845.561644,22860
30824.671233,22860
36156.808219,22860
25226.767123,22860
10640.767123,22860
6808.438356,22860
4482.452055,22860
6731.43379,22860
5683.009132,22860
5962.986301,22860
4946.621005,22860
7437.333333,22860
8159.369863,22860
4649.776256,22860
3319.520548,22860
3354.589041,22860
2629.502283,22860
3573.716895,22860
6371.465753,22860
7759.694064,22860
5569.835616,22860
3059.712329,22860
1635.977169,22860
3137.242009,22860
3492.273973,22860
3986.328767,22860
4769.776256,22860
4826.780822,22860
5423.474886,22860
3763.068493,22860
3599.753425,22860
3264.69863,22860
3677.077626,22860
4912.232877,22860
4275.630137,22860
5366.415525,22860
3860.205479,22860
3860.269406,22860
5374.47032,22860
2816.342466,22860
1555.972603,22860
2684.360731,22860
2056.150685,22860
2470.219178,22860
2548.511416,22860
4290.684932,22860
4622.926941,22860
3712.675799,22860
4947.041096,22860
4108.894977,22860
6655.251142,22860
10922.726027,22860
8182.296804,22860
4378.497717,22860
4465.178082,22860
2799.90411,22860
2341.292237,22860
1931.60274,22860
3116.648402,22860
3241.511416,22860
1977.123288,22860
2523.447489,22860
4424.922374,22860
7350.60274,22860
4088.13242,22860
2415.520548,22860
2643.561644,22860
2200.109589,22860
3310.406393,22860
1947.09589,22860
2922.557078,22860
5084.785388,22860
3590.684932,22860
416.493151,22860
1295.840183,22860
2515.712329,22860
4360.926941,22860
2670.347032,22860
1870.479452,22860
4528.191781,22860
1977.730594,22860
5161.726027,22860
5101.881279,22860
2402.200913,22860
1773,22860

==========>>>

Pos:4
Dis:150.04mm
data - cfar
30957,14336
52132.83105,14286.456621
58629.757991,13896.251142
80595.547945,13743.109589
72992.598174,13873.885845
41022.748858,13983.977169
66011.561644,14124.164384
54765.922374,14188.164384
34557.018265,14407.050228
38980.39726,14705.767123
15783.840183,14829.136986
13183.109589,14993.721461
9327.561644,15031.479452
6294.123288,15028.712329
12006.054795,15006.196347
13782.90411,14969.342466
9751.936073,14940.091324
14936.881279,14932.621005
13026.150685,14909.438356
12067.561644,14962.853881
9260.863014,15032.214612
4219.534247,15109.657534
2261.835616,15149.771689
4462.319635,15146.520548
6430.712329,15098.712329
8938.03653,15062.849315
9048.410959,15022.447489
8460.315068,14994.671233
4903.210046,15061.940639
3257.027397,15116.406393
3339.657534,15118.287671
3486.616438,15107.114155
4660.652968,15070.027397
5236.205479,14999.410959
5518.255708,14906.739726
4972.849315,14820.890411
4339.109589,14790.972603
3649.981735,14785.689498
2820.406393,14782.694064
3080.561644,14771.054795
2930.744292,14740.881279
5022.273973,14696.972603
6366.657534,14683.931507
2560.09589,14697.324201
1582.150685,14706.990868
3405.684932,14677.780822
4788.894977,14654.840183
3185.917808,14642.584475
3350.315068,14638.493151
3681.812785,14618.242009
3897.757991,14606.607306
4527.849315,14584.150685
4718.945205,14550.073059
4717.694064,14544.063927
4601.972603,14540.424658
4475.726027,14534.502283
4354.949772,14527.159817
4545.931507,14478.767123
8688.114155,14389.319635
13382.283105,14307.639269
11470.273973,14286.369863
7663.009132,14330.246575
4339.16895,14375.013699
3087.136986,14399.643836
2258.484018,14407.091324
767.30137,14399.748858
1903.520548,14373.547945
2041.429224,14315.383562
3266.621005,14245.059361
5903.520548,14176.027397
4369.136986,14129.013699
2380.689498,14105.296804
2349.821918,14095.09589
936,14082.666667
1811.447489,14085.840183
2668.287671,14056.931507
2726.538813,13998.442922
1389.812785,13923.333333
3632.561644,13828.561644
3715.050228,13708.744292
3992.579909,13657.333333
2628.561644,13580.315068
1990.479452,13495.671233
4874.721461,13412.054795
9315.849315,13280.794521
10776.803653,13165.022831
9016.123288,13073.214612
4340.054795,12868.09589
1645.913242,12658.068493
1751.26484,12239.333333
3524.630137,11767.369863
2596.607306,11413.753425
4852.876712,10856.438356
2610.863014,10246.30137
3335.045662,9817.96347
3120.840183,9434.881279
3175.958904,9180.082192
3430.210046,8798.022831
3765.96347,8643
3746.369863,8643
2351.616438,8643
3066.242009,8643
2512.328767,8643
3046.890411,8643
3492.438356,8643
3788.246575,8643
2184.09589,8643
4267.296804,8643
2577.931507,8643
3283.639269,8643
1252.360731,8643
3901.082192,8643
1482.374429,8643
3238.13242,8643
1996.767123,8643
3185.200913,8643
2408.187215,8643
2034.561644,8643
2698.16895,8643
3420.840183,8643
2002.164384,8643
1660.634703,8643
899.319635,8643
2612.657534,8643
2896.497717,8643
1182.388128,8643
2104.178082,8643
2094.511416,8643
3070.86758,8643
1750.876712,8643
1124.146119,8643
475.762557,8643
1756.986301,8643
1597.219178,8643
1738.6621,8643
2735.410959,8643
2261.073059,8643
3070.150685,8643
2330.164384,8643
2577.96347,8643
2991.365297,8643
1704.013699,8643
2649.589041,8643
1196.420091,8643
2478,8643
2842.584475,8643
1117.333333,8643
1023.479452,8643
1649.045662,8643
3123.584475,8643
3768.739726,8643
2029.214612,8643
1987.949772,8643
1798.493151,8643
2103.922374,8643
1832.926941,8643
1580.383562,8643
1793.136986,8643
1687.251142,8643
1763.054795,8643
990.502283,8643
715.890411,8643
1239.342466,8643
1112.671233,8643
2106.456621,8643
2559.726027,8643
2016.936073,8643
2266.369863,8643
1849.863014,8643
1495.684932,8643
2105.931507,8643
3223.643836,8643
2681.178082,8643
2100.86758,8643
3369.712329,8643
2077.100457,8643
1611.305936,8643
2806.547945,8643
1921.328767,8643
1482,8643
2505.958904,8643
1995.210046,8643
2570.885845,8643
2364.60274,8643
2873.844749,8643
2825.13242,8643
2177.972603,8643
3210.009132,8643
2942.899543,8643
1657.958904,8643
706.621005,8643
1267.484018,8643
1044.246575,8643
1109.949772,8643
1633.004566,8643
5606.958904,8643
6819.068493,8643
3613.958904,8643
729.575342,8643
1785.191781,8643
4120.611872,8643
3599.150685,8643
1162.86758,8643
1948.570776,8643
948.726027,8643
1966.762557,8643
1996.305936,8643
1703.068493,8643
2484.584475,8643
3246.123288,8643
1467.054795,8643
3042.47032,8643
3030.931507,8643
769.356164,8643
1396.296804,8643
724.625571,8643
2179.164384,8643
3576.579909,8643
2052.141553,8643
2393,8643

==========>>>

Pos:4
Dis:150.04mm
data - cfar
30215,13072
51174,13002
59810,12571
83924,12401
73943,12554
39541,12709
65061,12872
51734,12926
32684,13133
38427,13423
14623,13570
12735,13816
8477,13883
6417,13902
12472,13870
13342,13846
9589,13814
15436,13822
11194,13805
10162,13857
8098,13931
3090,13989
2411,14004
5840,13977
6675,13950
8669,13927
7429,13910
8110,13912
6591,13950
3801,13978
3181,14026
1794,14027
1926,14018
3011,13981
5557,13933
5832,13896
5031,13899
4480,13893
4890,13903
2346,13922
2131,13936
1569,13913
3476,13883
4343,13838
5713,13818
4599,13798
4777,13825
3407,13834
1225,13842
3299,13845
2817,13834
1261,13797
3726,13786
3710,13735
5276,13702
4366,13676
5042,13685
4766,13712
1069,13717
4345,13709
4408,13676
1775,13665
3543,13637
3842,13580
5232,13567
4002,13562
3653,13582
2025,13585
1998,13590
1471,13557
2945,13492
2810,13438
3051,13382
2964,13327
3698,13300
2764,13307
2435,13311
676,13255
3610,13184
2730,13098
2318,12977
3921,12940
983,12839
3098,12770
2793,12739
1138,12697
1966,12605
3133,12507
1432,12232
2073,11985
2516,11582
2254,11082
2028,10793
2729,10231
1210,9581
3261,9129
2147,8738
1954,8530
2280,8145
2487,7985
1811,7985
2900,7985
643,7985
2484,7985
1672,7985
1044,7985
1753,7985
3182,7985
1425,7985
5017,7985
3909,7985
1082,7985
2790,7985
1264,7985
1084,7985
2885,7985
1919,7985
2109,7985
2396,7985
3874,7985
5757,7985
1709,7985
2057,7985
1136,7985
2628,7985
671,7985
3315,7985
1918,7985
2725,7985
4263,7985
1703,7985
838,7985
1102,7985
2673,7985
2908,7985
1088,7985
3320,7985
3248,7985
2733,7985
3690,7985
2281,7985
1628,7985
2450,7985
572,7985
2802,7985
1095,7985
1956,7985
512,7985
4162,7985
3265,7985
756,7985
1542,7985
2202,7985
2286,7985
2276,7985
3537,7985
971,7985
2842,7985
1667,7985
1771,7985
1902,7985
1068,7985
1154,7985
1553,7985
2282,7985
3325,7985
683,7985
2157,7985
1609,7985
508,7985
2191,7985
2818,7985
464,7985
1871,7985
1482,7985
1985,7985
367,7985
3128,7985
1424,7985
2567,7985
2681,7985
2000,7985
1357,7985
2547,7985
3660,7985
856,7985
1486,7985
1619,7985
3175,7985
1751,7985
2761,7985
2038,7985
2441,7985
2807,7985
2787,7985
1078,7985
816,7985
1245,7985
1894,7985
1201,7985
3171,7985
1058,7985
2877,7985
2354,7985
2763,7985
4028,7985
2858,7985
4793,7985
3039,7985
837,7985
2380,7985
2395,7985
833,7985
1831,7985
1705,7985
3217,7985
3506,7985
411,7985
3438,7985
2966,7985

==========>>>

Pos:4
Dis:150.04mm
data - cfar
55944,30220
137553,29726
203685,28495
208968,28661
116793,29937
39312,30779
104144,31095
78080,31388
9501,31759
64069,31980
53984,31975
8296,32151
40590,32458
9686,32312
24488,32504
17100,32335
29080,32336
23211,32165
37368,32151
29578,31671
82599,31062
113775,30747
70521,31315
18270,32000
30582,32484
16454,32510
6591,32469
11972,32405
2340,32327
10901,32337
1112,32229
10051,32275
4696,32192
7002,32208
2859,32156
9017,32151
6259,32128
8684,32147
8287,32145
7729,32162
6622,32176
5970,32160
5196,32156
5054,32151
6484,32148
6016,32116
6322,32110
6360,32065
9074,32067
4507,32020
6899,31997
6331,31955
7101,31956
4422,31928
6723,31919
7769,31930
6724,31919
7023,31893
6817,31888
3236,31839
7277,31825
5750,31811
2828,31767
6736,31781
6326,31696
9802,31697
6096,31620
9429,31646
12460,31545
12794,31416
27853,31230
29924,31161
17512,31261
2036,31215
6875,31211
3741,30657
6226,29813
2689,29160
5418,28953
5364,28658
5092,28503
4222,28302
3607,28181
4950,28011
5654,27949
7683,27673
3457,27651
4472,27283
2605,26785
4578,26755
1404,26138
3981,25392
2861,25139
6032,24272
4701,22631
5687,21077
3488,19978
7141,19588
2779,18529
4877,18145
3358,18145
4642,18145
5322,18145
8727,18145
11469,18145
6544,18145
2555,18145
2246,18145
2316,18145
3408,18145
5700,18145
1666,18145
3094,18145
3690,18145
4084,18145
3989,18145
1915,18145
7243,18145
11358,18145
10477,18145
9311,18145
9169,18145
6013,18145
5641,18145
7286,18145
2782,18145
3569,18145
5689,18145
5105,18145
1172,18145
4503,18145
1486,18145
8679,18145
8872,18145
4451,18145
6938,18145
6512,18145
2091,18145
5702,18145
6659,18145
4799,18145
4362,18145
5472,18145
4278,18145
2865,18145
3709,18145
719,18145
3595,18145
3658,18145
3346,18145
4580,18145
8839,18145
4954,18145
2281,18145
3687,18145
2301,18145
5857,18145
4023,18145
2951,18145
5206,18145
3181,18145
4196,18145
3360,18145
7100,18145
4812,18145
4480,18145
5875,18145
2566,18145
3202,18145
1728,18145
4075,18145
4501,18145
2708,18145
1554,18145
2528,18145
2340,18145
2375,18145
1851,18145
1675,18145
4320,18145
5898,18145
4244,18145
4321,18145
2283,18145
2137,18145
2553,18145
1311,18145
7993,18145
11886,18145
7620,18145
4000,18145
4267,18145
745,18145
3621,18145
4821,18145
2738,18145
4513,18145
5338,18145
3713,18145
8006,18145
8367,18145
3903,18145
4386,18145
2353,18145
5500,18145
9464,18145
6082,18145
3212,18145
4589,18145
3744,18145
2556,18145
5854,18145
7842,18145
5945,18145
1229,18145
4757,18145
5210,18145
2596,18145
3838,18145
2340,18145

==========>>>

Pos:4
Dis:150.04mm
data - cfar
12631,26529
54058,26266
86477,25560
104676,25216
97286,25346
73213,25418
92765,25638
68822,25930
36487,26323
41555,26824
8416,26991
14231,27217
11839,27192
8338,27165
18939,27013
28492,27044
3070,26976
25241,27083
12160,26889
25566,26638
54110,26144
73881,25900
56670,26131
19533,26558
20293,26750
28518,26669
21941,26657
15117,26666
18543,26732
12389,26710
13518,26774
9789,26739
11730,26741
11284,26680
12906,26638
11653,26555
13481,26498
14089,26484
12739,26491
8684,26490
11778,26507
9221,26474
9032,26456
9054,26403
12421,26354
12118,26277
12403,26257
10891,26225
11710,26210
9118,26194
8453,26179
7393,26115
10654,26058
8811,25974
8877,25946
9677,25895
8521,25885
5819,25835
7779,25809
7544,25767
4842,25667
8734,25564
11980,25466
9836,25386
9503,25376
7259,25320
7340,25331
5231,25258
7290,25205
5703,25039
11829,24896
13760,24741
9582,24540
12248,24454
8132,24318
10733,23944
7353,23390
7270,23040
7300,22865
7241,22799
8023,22600
9164,22620
7288,22422
8741,22331
5725,22307
8262,22229
7326,22154
6123,22135
5493,21829
6290,21566
6653,21050
7218,20308
8311,19780
5172,19045
7310,18278
3731,17611
6430,17224
5512,17127
6375,16716
7030,16049
8313,15635
5542,15635
6584,15635
7010,15635
4744,15635
8602,15635
5072,15635
6148,15635
5092,15635
6998,15635
6174,15635
5924,15635
6766,15635
5249,15635
5177,15635
4445,15635
6365,15635
7560,15635
5449,15635
8623,15635
8417,15635
1713,15635
7026,15635
2971,15635
4522,15635
2917,15635
4628,15635
2201,15635
5309,15635
4853,15635
4518,15635
3660,15635
2664,15635
4144,15635
3601,15635
5390,15635
4513,15635
4586,15635
4685,15635
5371,15635
5758,15635
4268,15635
3205,15635
4070,15635
3973,15635
7193,15635
4637,15635
5853,15635
5296,15635
3260,15635
4536,15635
2195,15635
4901,15635
3645,15635
4385,15635
6366,15635
2473,15635
4780,15635
4296,15635
3527,15635
5315,15635
2167,15635
6830,15635
4373,15635
3970,15635
4107,15635
3497,15635
6161,15635
3477,15635
3877,15635
3394,15635
4454,15635
2816,15635
6326,15635
3258,15635
4535,15635
1974,15635
5566,15635
4244,15635
3862,15635
6307,15635
544,15635
5130,15635
3316,15635
1681,15635
3768,15635
5087,15635
808,15635
4878,15635
4283,15635
2931,15635
3233,15635
3343,15635
2907,15635
2571,15635
4834,15635
530,15635
4780,15635
2909,15635
3780,15635
5151,15635
2618,15635
6005,15635
1891,15635
4422,15635
4894,15635
1355,15635
4813,15635
3495,15635
3254,15635
7285,15635
3803,15635
2810,15635
5178,15635
2240,15635
4818,15635
7644,15635
2056,15635
5350,15635
4783,15635

==========>>>

Pos:4
Dis:150.04mm
data - cfar
31755,16401
48903,16240
69792,15677
99832,15419
80258,15804
20234,16160
52556,16403
47193,16545
2622,16745
27040,16954
22702,16908
8290,17065
5353,17193
5055,17150
13785,17081
13413,17038
9188,17067
11689,17127
5437,17116
10593,16945
32371,16502
60359,16203
47963,16385
9443,16743
11181,17079
12466,17045
17165,17015
3025,16888
18004,16939
9933,16888
7247,16995
6548,17003
4501,17025
2531,17000
6091,16989
4463,16937
7533,16930
7625,16925
5759,16920
5533,16956
4924,16949
5692,16930
3131,16867
5152,16847
3429,16818
5452,16805
4246,16730
7549,16722
4672,16701
4348,16719
3014,16643
7023,16626
3722,16593
3330,16592
4799,16540
8951,16527
5829,16521
2735,16567
646,16546
4270,16525
2029,16440
4325,16399
3248,16352
4253,16307
5590,16293
3595,16269
5405,16257
2036,16198
5793,16166
2172,15946
13040,15865
15732,15716
7420,15710
3033,15726
5600,15691
4662,15326
2824,14887
4491,14654
4533,14589
3536,14583
4560,14543
745,14472
4673,14411
1940,14294
3884,14271
4432,14209
5506,14155
3141,13991
2862,13811
2606,13815
741,13457
2991,13047
5176,12895
2678,12266
3719,11500
4687,10962
3400,10583
3872,10361
1452,9991
2346,9560
1920,9560
2942,9560
687,9560
1202,9560
2379,9560
4802,9560
3013,9560
3686,9560
2970,9560
3935,9560
1311,9560
3363,9560
2285,9560
4209,9560
3573,9560
3485,9560
3374,9560
2367,9560
4685,9560
1767,9560
10155,9560
10860,9560
3759,9560
2531,9560
1340,9560
3615,9560
4042,9560
977,9560
1656,9560
1999,9560
2890,9560
1614,9560
4970,9560
2706,9560
1635,9560
2552,9560
1765,9560
917,9560
1207,9560
103,9560
1913,9560
1213,9560
1622,9560
1192,9560
1876,9560
2335,9560
328,9560
1443,9560
1515,9560
1154,9560
3750,9560
3998,9560
2867,9560
2418,9560
1408,9560
2398,9560
538,9560
1249,9560
768,9560
1636,9560
1106,9560
2641,9560
1411,9560
1943,9560
2656,9560
1207,9560
2686,9560
3561,9560
1658,9560
3066,9560
2312,9560
1492,9560
3703,9560
2648,9560
3088,9560
4718,9560
2861,9560
1307,9560
3087,9560
2120,9560
1857,9560
1057,9560
702,9560
426,9560
1301,9560
771,9560
2012,9560
3177,9560
2913,9560
1232,9560
2370,9560
2377,9560
980,9560
513,9560
905,9560
1360,9560
2696,9560
1958,9560
1771,9560
1344,9560
1228,9560
2418,9560
1260,9560
2107,9560
2774,9560
2007,9560
2249,9560
1610,9560
2633,9560
3013,9560
902,9560
903,9560
1071,9560
2960,9560
3482,9560
3179,9560
4293,9560
3798,9560
2308,9560
1385,9560

==========>>>

Pos:8
Dis:300.09mm
data - cfar
9380,24564
29106,24449
43105,24050
57941,23569
87920,23433
61803,23323
69204,23302
92959,23534
34384,23653
51907,24044
42337,24193
16551,24351
30842,24637
5406,24666
10101,24765
18737,24633
20477,24544
20717,24359
40729,24268
29363,23786
77611,23287
103837,22964
66292,23476
10720,24167
13119,24637
8407,24617
15756,24575
12980,24523
13139,24559
10099,24563
14892,24570
7359,24575
9941,24607
6625,24594
9881,24614
5073,24574
11107,24627
6197,24594
10496,24601
7048,24552
8443,24546
5635,24554
7626,24538
6155,24483
7678,24441
7377,24405
9395,24371
10124,24343
8836,24321
7492,24301
6774,24275
5775,24231
5986,24198
7597,24138
9586,24086
8301,24084
4855,24066
8784,24047
6670,24031
5220,24008
3836,24019
3784,23946
6334,23930
7195,23865
5517,23826
8377,23786
4572,23728
8914,23694
2096,23611
7166,23544
7846,23369
15465,23227
12721,23175
11005,23157
7608,23133
7558,22653
8557,21879
5435,21293
7060,21098
7863,20802
6795,20677
5505,20569
6807,20452
6062,20354
8939,20334
7212,20139
5948,20077
3995,19771
6504,19410
4910,19142
5097,18466
3602,17923
7299,17450
5934,16762
6800,16335
6136,16005
5881,15825
5372,15796
4049,15604
4782,15277
7364,14833
4690,14238
5975,14238
6990,14238
2750,14238
5364,14238
5030,14238
4960,14238
6427,14238
6208,14238
6510,14238
5073,14238
4899,14238
5398,14238
5158,14238
2913,14238
5312,14238
4579,14238
5505,14238
4491,14238
12608,14238
15211,14238
9993,14238
6012,14238
6069,14238
4523,14238
4040,14238
5002,14238
4210,14238
6342,14238
4858,14238
5842,14238
6746,14238
5044,14238
2070,14238
2761,14238
3152,14238
6389,14238
4087,14238
4655,14238
1927,14238
4731,14238
3886,14238
4648,14238
2798,14238
2996,14238
3803,14238
2333,14238
3965,14238
3894,14238
1938,14238
4616,14238
2506,14238
4486,14238
5266,14238
2657,14238
4710,14238
3038,14238
6420,14238
3343,14238
3674,14238
2301,14238
3421,14238
4282,14238
2245,14238
3474,14238
4219,14238
3283,14238
5079,14238
2982,14238
2457,14238
3015,14238
3618,14238
2970,14238
3949,14238
4525,14238
3337,14238
5802,14238
3191,14238
1124,14238
3233,14238
6070,14238
3725,14238
2870,14238
5175,14238
1459,14238
4538,14238
2821,14238
2628,14238
4003,14238
2673,14238
1234,14238
4955,14238
3606,14238
3689,14238
3667,14238
2323,14238
5600,14238
2868,14238
1885,14238
1229,14238
3049,14238
2423,14238
2878,14238
2943,14238
3474,14238
3899,14238
249,14238
3956,14238
3578,14238
2145,14238
3183,14238
2456,14238
2573,14238
2315,14238
2276,14238
1552,14238
2254,14238
2407,14238
3303,14238

==========>>>

Pos:8
Dis:300.09mm
data - cfar
23509,13774
19057,13861
6765,13789
30980,13620
39123,13339
41863,13048
67048,12734
78885,12694
46504,12908
36620,13180
45004,13468
10863,13556
24962,13685
27725,13681
9672,13826
5724,13998
6153,13970
11915,13782
28159,13597
28066,13397
32408,13342
31220,13480
9211,13597
12426,13752
12389,13847
1474,13891
4419,13909
2553,13844
2750,13868
4267,13893
2131,13891
2427,13927
1308,13929
3461,13938
1626,13951
1473,13980
3089,13954
4920,13951
2828,13946
4195,13954
3771,13944
4394,13939
4583,13955
1851,13976
1675,14013
1066,14008
1999,13996
1697,13978
3065,13988
1667,13970
3420,13964
3801,13965
2087,13989
1795,13995
3028,14012
725,13974
3307,13982
1803,13952
2531,13955
1372,13950
2983,13919
2821,13912
660,13931
889,13935
1994,13916
1729,13912
1893,13915
2370,13927
1568,13900
2455,13837
9578,13733
13281,13661
9585,13701
4348,13698
4181,13651
6628,13607
3794,13384
5312,13148
6279,12932
3185,12735
3331,12701
2385,12684
2644,12666
1595,12591
3557,12383
3467,12189
3880,12115
2796,11782
2337,11505
3359,11154
2875,10565
1287,10067
2383,9754
2598,9434
3890,9178
4896,9130
3303,9004
2019,8840
3176,8713
2589,8680
2123,8451
1560,8172
1324,8140
2443,8140
63,8140
2871,8140
3661,8140
3325,8140
2529,8140
1873,8140
750,8140
2790,8140
1166,8140
1919,8140
1649,8140
1433,8140
1426,8140
2374,8140
1467,8140
4998,8140
8646,8140
7196,8140
5723,8140
2640,8140
5315,8140
4299,8140
1795,8140
3536,8140
3233,8140
2383,8140
2655,8140
4037,8140
2763,8140
4001,8140
1850,8140
2324,8140
2100,8140
3038,8140
909,8140
2896,8140
3053,8140
1619,8140
2190,8140
3213,8140
2531,8140
2500,8140
1739,8140
2491,8140
2536,8140
1713,8140
2528,8140
1311,8140
4212,8140
1776,8140
2629,8140
3431,8140
1199,8140
1471,8140
1870,8140
1310,8140
2154,8140
1794,8140
3179,8140
3431,8140
1444,8140
1964,8140
1126,8140
2371,8140
1369,8140
2887,8140
3453,8140
3066,8140
4176,8140
2159,8140
148,8140
1216,8140
3708,8140
3359,8140
1705,8140
1376,8140
2203,8140
2669,8140
736,8140
1670,8140
1025,8140
2119,8140
3328,8140
2973,8140
1919,8140
1113,8140
1139,8140
1337,8140
1219,8140
1070,8140
2264,8140
2647,8140
334,8140
2554,8140
236,8140
3829,8140
3908,8140
634,8140
707,8140
1305,8140
2549,8140
637,8140
1379,8140
447,8140
2210,8140
2136,8140
1408,8140
2305,8140
1800,8140
3169,8140
1717,8140
1303,8140
420,8140
3071,8140
3023,8140
1489,8140

==========>>>

Pos:3
Dis:112.53mm
data - cfar
83207,24015
123012,23973
123627,23737
112176,24330
49648,25062
32623,25416
61835,25304
60939,25263
41076,25548
20080,25640
46858,25887
11926,25807
32470,25942
30772,25892
19284,25993
18566,26144
14061,26116
19566,25996
29693,25855
31144,25767
30650,25732
32180,25738
31113,25885
14569,26058
12362,26187
13285,26242
6821,26167
11549,26167
7945,26124
12704,26137
9338,26078
14086,26068
9282,26030
14178,26035
9209,25991
12779,25976
7691,25960
10517,25947
8393,25861
10873,25851
9965,25798
12673,25794
10147,25780
11498,25786
9560,25762
9437,25751
9134,25744
9699,25689
9545,25640
10758,25595
9820,25548
9479,25510
9400,25487
8402,25438
8879,25414
5513,25390
6528,25328
8220,25265
8216,25199
9865,25135
11971,25092
6279,25055
11180,25030
7503,24980
8852,24969
4090,24893
8781,24861
5674,24821
6507,24776
4798,24728
12760,24624
13689,24537
10775,24492
10773,24504
7015,24429
10473,24256
5919,24071
9622,23909
9183,23682
7848,23536
7874,23409
9949,23331
6590,23245
5328,23157
8268,22938
6207,22705
6345,22679
5289,22351
8228,22208
9643,21924
2722,21493
8829,21015
11693,20777
5379,20473
4536,19626
8169,18673
9575,17745
4927,17115
7151,16237
6287,16237
7205,16237
6187,16237
5937,16237
5933,16237
3925,16237
5819,16237
7498,16237
8562,16237
7279,16237
9229,16237
4220,16237
9046,16237
6684,16237
3811,16237
7001,16237
9114,16237
7711,16237
6701,16237
12983,16237
9122,16237
9282,16237
9904,16237
3486,16237
7350,16237
5255,16237
5938,16237
4349,16237
4029,16237
4228,16237
4546,16237
5426,16237
2799,16237
5515,16237
5951,16237
2183,16237
6396,16237
5753,16237
5387,16237
5273,16237
6431,16237
4669,16237
5627,16237
8754,16237
2981,16237
6164,16237
4027,16237
3679,16237
2904,16237
5123,16237
2768,16237
4504,16237
5231,16237
4189,16237
4748,16237
5827,16237
3971,16237
3191,16237
4298,16237
5115,16237
5471,16237
5700,16237
992,16237
6848,16237
6701,16237
2952,16237
9026,16237
5495,16237
1778,16237
5577,16237
7191,16237
4764,16237
4373,16237
11410,16237
8861,16237
4257,16237
9436,16237
4262,16237
2920,16237
5124,16237
6489,16237
2602,16237
3999,16237
5613,16237
7311,16237
5321,16237
2528,16237
7007,16237
3229,16237
5198,16237
6900,16237
1348,16237
7095,16237
5782,16237
2477,16237
1564,16237
5228,16237
6177,16237
1894,16237
5142,16237
1809,16237
3916,16237
5503,16237
5994,16237
2727,16237
7493,16237
5098,16237
2373,16237
2863,16237
3573,16237
4127,16237
3905,16237
7265,16237
3368,16237
2923,16237
3675,16237
2179,16237
8153,16237
9559,16237
6431,16237
6546,16237

==========>>>

Pos:4
Dis:150.04mm
data - cfar
64735,28802
116555,28335
174214,27210
204927,27033
135402,28054
48204,29074
76388,29852
35007,29999
30174,30296
40765,30483
13641,30549
23950,30661
21976,30716
4990,30691
24352,30685
17821,30591
15988,30653
16716,30679
11290,30634
21104,30489
37842,30007
68947,29799
46005,29936
14982,30402
17105,30647
16592,30550
26477,30548
15825,30394
22981,30490
11306,30448
16108,30544
5433,30472
13742,30467
10319,30355
16947,30328
12885,30241
16501,30216
14405,30225
13110,30229
12120,30222
11186,30208
9484,30177
10624,30157
12551,30086
11423,30034
13423,30083
9395,30042
12452,30006
9393,29973
10389,29968
10688,29890
10544,29868
8138,29825
11510,29791
10023,29720
9006,29647
10534,29619
11788,29627
6843,29601
9522,29558
6638,29465
9607,29423
6604,29346
10089,29250
9447,29166
10146,29096
9508,29126
8509,29050
11450,28983
9960,28790
14921,28726
7018,28580
6454,28547
8948,28487
4939,28376
8343,28057
6257,27504
7801,27302
5653,27215
5435,27169
6457,27113
6876,27042
9355,26907
7838,26752
8792,26757
8291,26619
7777,26500
5667,26424
5816,26157
6921,25928
8208,25668
7249,25111
5448,24817
5327,23796
6442,22178
7338,20841
7123,19981
5626,19510
5036,18675
2924,18361
8587,18361
6174,18361
5278,18361
8837,18361
8909,18361
8203,18361
7749,18361
3229,18361
6552,18361
6007,18361
3026,18361
8443,18361
7054,18361
3197,18361
4815,18361
8471,18361
4400,18361
4793,18361
2895,18361
12118,18361
10517,18361
5636,18361
5543,18361
1712,18361
7016,18361
6396,18361
3175,18361
2731,18361
3802,18361
6705,18361
5827,18361
1801,18361
3854,18361
8031,18361
5618,18361
2765,18361
6357,18361
5141,18361
7904,18361
2916,18361
7675,18361
11273,18361
6300,18361
2138,18361
7141,18361
7070,18361
3676,18361
4378,18361
8778,18361
6687,18361
4424,18361
322,18361
7675,18361
10099,18361
7783,18361
2474,18361
5429,18361
8237,18361
6568,18361
4715,18361
3234,18361
4307,18361
8284,18361
7772,18361
3243,18361
4986,18361
3296,18361
4419,18361
6502,18361
7393,18361
2848,18361
2840,18361
1813,18361
9502,18361
9302,18361
4087,18361
10817,18361
10900,18361
2136,18361
6637,18361
4611,18361
4385,18361
5783,18361
1500,18361
6064,18361
3813,18361
3408,18361
4379,18361
8061,18361
5277,18361
1873,18361
6744,18361
6764,18361
2812,18361
6570,18361
4909,18361
2720,18361
4832,18361
907,18361
4028,18361
5729,18361
2747,18361
5150,18361
10029,18361
5261,18361
8195,18361
15000,18361
10708,18361
903,18361
4784,18361
6104,18361
7473,18361
3767,18361
4415,18361
9850,18361
8268,18361
1947,18361
6230,18361
6283,18361
4504,18361

==========>>>

Pos:4
Dis:150.04mm
data - cfar
30033,13802
48569,13704
59137,13230
91850,13071
72901,13423
13435,13632
64745,13866
44294,13726
28245,13861
43972,14126
13056,14209
15288,14477
10757,14555
5115,14579
12616,14558
14485,14484
12113,14451
15780,14451
13898,14432
12790,14481
9647,14504
8865,14571
2805,14618
5109,14696
3419,14680
8838,14661
7799,14619
9192,14597
9184,14624
5545,14669
4348,14706
4016,14705
3193,14695
4627,14637
6308,14616
5333,14594
7058,14584
5406,14538
6179,14584
2961,14676
3561,14724
2776,14698
5488,14691
4404,14674
5748,14685
5341,14658
5543,14664
4475,14671
4205,14678
2776,14683
2082,14675
2576,14633
4727,14594
3893,14541
5268,14527
5054,14519
2549,14547
2945,14615
328,14626
4204,14570
6471,14514
4491,14480
4679,14462
6169,14441
5825,14439
3739,14490
2947,14530
4192,14512
4056,14508
2279,14466
3764,14410
4649,14383
4335,14372
1782,14401
2886,14414
3152,14387
3570,14332
3508,14275
2136,14197
5041,14145
1858,14016
4994,13965
4388,13891
2408,13836
2873,13840
2653,13787
2643,13707
3870,13645
361,13312
4685,13103
4962,12770
1640,12282
2997,12212
3913,11665
1299,10949
2923,10502
3751,10115
1908,9872
4632,9494
5552,9398
2712,9398
2338,9398
2792,9398
1972,9398
1004,9398
2682,9398
1446,9398
3408,9398
4548,9398
3236,9398
3528,9398
1977,9398
3993,9398
1239,9398
3272,9398
2251,9398
1419,9398
2038,9398
4650,9398
7274,9398
5728,9398
4688,9398
5116,9398
1245,9398
3438,9398
4921,9398
3747,9398
422,9398
2822,9398
787,9398
5668,9398
4303,9398
2341,9398
1393,9398
6029,9398
10083,9398
5592,9398
1849,9398
4922,9398
6118,9398
5216,9398
2412,9398
2099,9398
1776,9398
910,9398
2420,9398
1889,9398
2071,9398
2296,9398
1666,9398
2961,9398
3209,9398
3897,9398
7556,9398
5939,9398
2659,9398
2491,9398
3130,9398
2774,9398
5042,9398
3465,9398
6340,9398
7523,9398
2331,9398
4422,9398
3375,9398
2694,9398
6482,9398
5389,9398
5356,9398
5541,9398
1211,9398
2541,9398
1342,9398
4378,9398
5773,9398
2268,9398
4971,9398
5725,9398
3529,9398
3817,9398
4273,9398
6193,9398
2879,9398
3784,9398
2930,9398
3339,9398
1261,9398
3540,9398
3293,9398
1050,9398
2369,9398
108,9398
973,9398
2535,9398
1597,9398
2356,9398
3315,9398
2424,9398
2477,9398
2166,9398
3211,9398
1177,9398
1872,9398
3504,9398
3841,9398
2614,9398
4946,9398
575,9398
5228,9398
5793,9398
4917,9398
5433,9398
7522,9398
6541,9398
6631,9398
3000,9398
3768,9398
3552,9398
2900,9398

==========>>>

Pos:2
Dis:75.02mm
data - cfar
61910,22905
105698,22929
101211,22925
59777,23515
29643,23952
45007,23777
80881,23451
68574,23621
21038,23860
55637,24084
39096,24175
9715,24370
30284,24511
19722,24537
5346,24707
8509,24810
5022,24769
10220,24792
9327,24627
25600,24467
32901,24035
61545,23873
49733,24048
15575,24304
27588,24599
11442,24495
22193,24507
10407,24335
18424,24369
12489,24234
18343,24238
14114,24172
14650,24198
8906,24210
10723,24204
9477,24156
11296,24088
11867,24047
11679,23998
13454,24011
10551,23963
10782,23964
8284,23936
8084,23940
7613,23934
9797,23905
7612,23861
11793,23839
7208,23741
10861,23703
10914,23635
9218,23644
6811,23634
6209,23643
6574,23612
9347,23555
8781,23481
10210,23499
5463,23426
9477,23383
7453,23285
8653,23263
6411,23199
7276,23181
6737,23126
9557,23016
9764,22932
7429,22829
10715,22790
7900,22594
17046,22487
19037,22321
8381,22363
3286,22261
5977,22194
7554,21838
5906,21408
5618,21213
5740,21075
4829,21053
4025,21016
4242,20998
6789,20948
5315,20905
6965,20825
5820,20631
7319,20595
4242,20286
6678,19873
5015,19699
6216,19180
5817,18564
5089,18245
6322,18039
7213,17572
6851,16836
4433,16077
2986,15653
4199,14858
5938,14696
5464,14696
3973,14696
3455,14696
3842,14696
10051,14696
5621,14696
4422,14696
6588,14696
4340,14696
5851,14696
5088,14696
5201,14696
3933,14696
7679,14696
4486,14696
8260,14696
3109,14696
9429,14696
12414,14696
4522,14696
2331,14696
1784,14696
3436,14696
2177,14696
2506,14696
1598,14696
3544,14696
3674,14696
3402,14696
4807,14696
1312,14696
2809,14696
1134,14696
4409,14696
5451,14696
5778,14696
3314,14696
3723,14696
3346,14696
3940,14696
6866,14696
2762,14696
7727,14696
5597,14696
1626,14696
1519,14696
5188,14696
4816,14696
3751,14696
6133,14696
6702,14696
3662,14696
4936,14696
8997,14696
4970,14696
3411,14696
2693,14696
5443,14696
1127,14696
6571,14696
5081,14696
3146,14696
4191,14696
6529,14696
5663,14696
3181,14696
5205,14696
1629,14696
3049,14696
1494,14696
6339,14696
7277,14696
6628,14696
6430,14696
7018,14696
4935,14696
4111,14696
4639,14696
3481,14696
2626,14696
8649,14696
7666,14696
2457,14696
887,14696
952,14696
1013,14696
1996,14696
2899,14696
4698,14696
4968,14696
2351,14696
6054,14696
5368,14696
5488,14696
6593,14696
1547,14696
5511,14696
5112,14696
3713,14696
1779,14696
2893,14696
4618,14696
4971,14696
3949,14696
7668,14696
6893,14696
2549,14696
708,14696
7107,14696
8030,14696
3943,14696
7374,14696
2928,14696
2407,14696
984,14696
2578,14696
978,14696
2873,14696
2422,14696
8835,14696

==========>>>

Pos:3
Dis:112.53mm
data - cfar
67592,26146
143277,25747
191645,24835
186812,25134
106935,26191
52956,26888
98336,27224
62233,27389
30223,27740
53099,28006
28235,28162
7224,28465
14226,28611
7150,28526
13110,28449
23297,28442
7051,28363
20130,28383
19156,28275
17919,28047
44482,27768
52802,27596
33665,27752
24805,27931
28632,28101
13095,28062
19472,28118
12121,28123
12864,28229
10485,28282
9414,28278
10540,28276
6813,28261
9428,28278
9076,28254
11182,28220
9975,28239
8799,28253
8088,28255
9271,28287
6469,28246
6981,28229
8896,28192
8990,28146
7094,28131
9470,28129
9263,28124
8857,28108
6323,28075
7742,28042
7997,28026
3163,27998
5433,27997
6490,27973
7415,27907
8405,27848
8095,27807
8142,27803
4786,27809
3832,27802
5023,27761
3861,27717
6097,27650
5663,27587
6943,27567
6253,27531
6348,27489
6286,27503
2425,27475
1855,27395
8837,27222
17712,27010
11865,26993
5796,26890
8745,26751
6775,26504
9395,26164
4008,25832
7439,25754
5119,25599
5426,25501
5058,25492
5261,25314
6723,25218
8135,25211
5882,25145
5780,25114
6441,24912
3981,24522
4300,24341
3126,23858
6853,23121
7037,22749
5658,21951
5315,20543
2105,19075
3755,17993
1611,17473
5839,16453
6832,16453
872,16453
6808,16453
4766,16453
1255,16453
3489,16453
3784,16453
3092,16453
5381,16453
3207,16453
3300,16453
6004,16453
4290,16453
2131,16453
3798,16453
2345,16453
2887,16453
2249,16453
3333,16453
6857,16453
7358,16453
6645,16453
1620,16453
8307,16453
9273,16453
6269,16453
6415,16453
3504,16453
2438,16453
4278,16453
7680,16453
7022,16453
2340,16453
5950,16453
3723,16453
3379,16453
6518,16453
1833,16453
5597,16453
6143,16453
1785,16453
5144,16453
5450,16453
4315,16453
2802,16453
2067,16453
1203,16453
3751,16453
3352,16453
7807,16453
8419,16453
3548,16453
2961,16453
2567,16453
2326,16453
5824,16453
4103,16453
2625,16453
6689,16453
3290,16453
4250,16453
7036,16453
2972,16453
4540,16453
7314,16453
2441,16453
5325,16453
5509,16453
2567,16453
7970,16453
6624,16453
2028,16453
6036,16453
4992,16453
3118,16453
3742,16453
963,16453
5278,16453
6071,16453
1982,16453
4043,16453
6943,16453
4837,16453
1704,16453
762,16453
2199,16453
3947,16453
3972,16453
7619,16453
8378,16453
4314,16453
3515,16453
3839,16453
2548,16453
5418,16453
8442,16453
7387,16453
1202,16453
5806,16453
6515,16453
2763,16453
7114,16453
6577,16453
4354,16453
6525,16453
8931,16453
7429,16453
2328,16453
852,16453
2668,16453
4873,16453
6515,16453
7006,16453
2857,16453
2445,16453
3949,16453
3206,16453
3116,16453
7061,16453
8052,16453
4026,16453

==========>>>

Pos:4
Dis:150.04mm
data - cfar
90044,29190
163104,28833
209159,27831
217802,28015
142251,29312
45053,30679
43988,31649
20480,31525
57306,31637
31255,31654
19053,31882
27336,31933
20336,31948
19958,31932
29414,31909
22804,31946
17164,32059
10433,32049
22292,31966
28666,31645
55232,31237
76098,31196
36409,31350
36382,31773
26888,31929
16804,32041
25216,32083
11859,31972
18599,32028
9636,31964
15477,32051
6640,31983
12825,31990
8763,31917
13214,31886
9771,31808
13146,31830
8563,31819
13939,31801
7543,31774
10120,31810
7829,31790
10527,31738
9597,31671
12451,31665
10429,31616
10893,31618
7856,31616
9784,31594
9843,31567
5343,31584
7381,31541
10642,31454
9278,31395
9726,31382
10390,31323
7658,31327
8823,31337
7759,31296
9429,31260
6697,31227
10212,31178
7988,31089
11210,31040
8525,31043
9815,31045
7904,31091
8057,31087
9260,31075
10385,30900
16059,30841
10784,30762
997,30777
3601,30661
3180,30394
5046,30142
4534,29545
4966,29145
4683,28911
6799,28757
6044,28676
8456,28573
5696,28414
7942,28274
6171,28178
4262,28102
7220,27977
6668,27853
4390,27671
5248,27234
9294,27067
8401,26753
5838,26451
6493,25473
1537,23826
5836,22224
4950,20954
5844,20266
6608,19160
4042,19160
6621,19160
5225,19160
9564,19160
5785,19160
6734,19160
5074,19160
5548,19160
2733,19160
7076,19160
6306,19160
7440,19160
7647,19160
3697,19160
4364,19160
7704,19160
8812,19160
7196,19160
6991,19160
5802,19160
7454,19160
3835,19160
4032,19160
991,19160
3846,19160
1922,19160
4693,19160
7101,19160
2588,19160
3932,19160
5851,19160
4170,19160
2526,19160
8394,19160
9395,19160
1648,19160
5869,19160
7237,19160
8125,19160
3284,19160
5804,19160
8444,19160
5735,19160
3053,19160
4424,19160
5997,19160
3822,19160
7662,19160
6304,19160
3233,19160
7411,19160
7619,19160
1474,19160
7403,19160
8814,19160
4126,19160
7181,19160
6907,19160
5426,19160
3057,19160
5360,19160
10991,19160
9666,19160
12097,19160
14365,19160
10541,19160
4463,19160
5925,19160
5829,19160
6238,19160
4643,19160
6557,19160
5485,19160
2208,19160
4190,19160
1282,19160
3944,19160
3880,19160
3059,19160
4554,19160
9406,19160
6273,19160
10005,19160
12028,19160
3528,19160
6180,19160
4652,19160
3333,19160
4744,19160
4011,19160
11498,19160
9167,19160
4742,19160
6529,19160
3713,19160
2693,19160
7253,19160
5185,19160
2005,19160
4519,19160
3958,19160
6263,19160
3230,19160
7234,19160
5782,19160
1526,19160
3165,19160
3129,19160
7246,19160
4810,19160
5014,19160
10385,19160
9405,19160
2187,19160
8980,19160
9352,19160
3391,19160
7126,19160
8589,19160
5835,19160
10071,19160

==========>>>

Pos:3
Dis:112.53mm
data - cfar
78889,30202
170944,29712
233927,28551
229790,28753
145927,30007
71643,31266
69202,32200
28090,32389
48143,32617
39640,32756
10046,32901
28830,33123
12163,33109
10117,33188
16650,33059
24619,33086
5045,33046
23463,33040
26013,32906
19004,32678
51871,32344
69017,32179
42063,32311
40248,32452
41003,32664
13948,32748
28054,32868
15722,32751
18107,32882
9967,32874
13874,32957
11320,32971
9698,32993
8613,32925
14785,32886
13771,32862
11584,32855
10992,32909
8855,32896
10788,32890
8065,32882
7384,32838
9046,32767
11274,32720
9983,32678
10886,32677
8501,32654
8743,32679
8602,32643
7428,32643
6088,32607
8064,32587
6617,32530
9322,32475
6431,32376
11104,32336
8984,32304
6948,32281
7148,32244
5964,32239
5093,32198
8397,32122
7333,31998
9328,31907
8266,31900
7542,31886
8653,31860
2123,31777
5844,31740
5829,31534
14553,31341
19419,31110
10537,31051
10279,30848
10855,30609
6101,30309
8090,29838
4108,29467
5758,29355
5606,29154
4860,28992
4630,28991
8118,28832
7175,28664
10316,28657
4623,28608
5925,28463
5176,28437
4378,28137
6062,27813
5092,27665
3407,27144
6591,26620
8157,25520
5033,23753
3282,21988
3064,20690
4009,20108
7113,18832
5594,18832
4659,18832
5462,18832
3916,18832
5544,18832
5364,18832
3916,18832
4258,18832
6602,18832
2952,18832
8109,18832
3227,18832
6463,18832
6440,18832
5426,18832
2648,18832
5338,18832
4744,18832
10300,18832
11162,18832
724,18832
9047,18832
8887,18832
9340,18832
3957,18832
4243,18832
3015,18832
5938,18832
10138,18832
4965,18832
3236,18832
8389,18832
7319,18832
3707,18832
6968,18832
3515,18832
3458,18832
4490,18832
1720,18832
5294,18832
3061,18832
5799,18832
3796,18832
3901,18832
6975,18832
1786,18832
5883,18832
3735,18832
5044,18832
6934,18832
1446,18832
3243,18832
3621,18832
3809,18832
1183,18832
3117,18832
6306,18832
7114,18832
3307,18832
2249,18832
3203,18832
7849,18832
7284,18832
1945,18832
1644,18832
2461,18832
4362,18832
4902,18832
3487,18832
2255,18832
6673,18832
5578,18832
1841,18832
2573,18832
4590,18832
2291,18832
1281,18832
1929,18832
7312,18832
6887,18832
994,18832
5813,18832
4689,18832
5253,18832
6573,18832
1774,18832
7044,18832
8347,18832
3718,18832
8339,18832
8227,18832
2598,18832
5352,18832
5466,18832
9004,18832
8574,18832
1234,18832
6058,18832
7616,18832
4779,18832
3145,18832
3308,18832
3323,18832
1269,18832
6712,18832
8437,18832
3047,18832
2267,18832
1795,18832
8678,18832
11991,18832
8701,18832
9220,18832
8135,18832
2634,18832
6479,18832
4227,18832
2597,18832
4257,18832
1090,18832
4886,18832

==========>>>

Pos:4
Dis:150.04mm
data - cfar
39405,19426
74869,19289
91382,18794
100863,18816
72163,19179
46379,19337
78871,19449
59581,19505
34732,19848
37611,20256
11397,20429
13072,20663
7791,20720
2374,20724
11812,20648
16211,20669
3475,20634
17178,20601
18193,20517
14112,20396
32128,20139
48613,20059
28491,20206
13219,20430
22705,20639
9004,20607
17864,20619
9765,20499
12671,20574
6883,20549
8834,20574
5298,20552
7619,20562
5478,20485
9499,20424
10314,20391
9630,20388
8511,20399
7540,20403
7068,20409
5688,20410
4893,20410
5020,20391
5018,20317
7692,20294
7510,20279
7173,20247
6994,20254
4081,20224
5873,20234
4683,20206
6049,20208
5772,20170
5465,20121
7194,20099
6220,20075
5764,20071
7957,20083
4243,20050
4782,20046
3045,19983
4646,19934
5085,19857
7947,19787
8129,19770
5647,19759
4481,19754
5891,19698
5064,19682
4043,19565
12929,19438
15316,19267
8960,19288
6570,19207
5748,19171
4329,19013
3794,18643
4534,18442
4270,18378
4005,18262
3633,18184
4156,18209
3772,18090
4975,18049
6063,18089
4932,18064
4676,18016
2049,17961
1665,17706
4398,17439
6942,16997
1642,16381
5076,16032
5003,15470
2015,14709
4140,14018
4344,13423
3524,13132
2794,12584
2127,12270
5961,12270
3117,12270
3206,12270
2440,12270
6560,12270
5160,12270
2294,12270
4552,12270
3129,12270
5265,12270
3805,12270
7549,12270
5121,12270
1360,12270
3980,12270
3885,12270
2475,12270
8071,12270
4031,12270
8136,12270
13531,12270
9555,12270
3922,12270
1456,12270
2547,12270
912,12270
1758,12270
2394,12270
3547,12270
2530,12270
3024,12270
4976,12270
3288,12270
1721,12270
2629,12270
2267,12270
5373,12270
3707,12270
3151,12270
633,12270
5123,12270
5965,12270
1248,12270
2167,12270
815,12270
3070,12270
5365,12270
7311,12270
3445,12270
2729,12270
2643,12270
2297,12270
5164,12270
5234,12270
1873,12270
2048,12270
949,12270
3823,12270
5443,12270
4118,12270
3881,12270
2683,12270
2500,12270
1090,12270
4481,12270
4882,12270
3879,12270
1102,12270
5337,12270
2895,12270
4038,12270
5705,12270
493,12270
6623,12270
6272,12270
2588,12270
7181,12270
6382,12270
2534,12270
8487,12270
8618,12270
4307,12270
2977,12270
1098,12270
5054,12270
5773,12270
3628,12270
1518,12270
259,12270
1344,12270
3502,12270
3251,12270
933,12270
1191,12270
3291,12270
4600,12270
2621,12270
1367,12270
2889,12270
1059,12270
3062,12270
3538,12270
1870,12270
1261,12270
2792,12270
5399,12270
4537,12270
3067,12270
4203,12270
7745,12270
8294,12270
4067,12270
3322,12270
3730,12270
3851,12270
6551,12270
3928,12270
2268,12270
1717,12270
3414,12270

==========>>>

Pos:4
Dis:150.04mm
data - cfar
58932,25626
105039,25290
149936,24266
185657,24064
129480,24683
72430,25292
109309,25817
60998,26153
29842,26627
48135,27004
15613,27131
14921,27508
4327,27565
9684,27575
10786,27448
20405,27462
11622,27436
17603,27368
27326,27289
24456,27126
35363,26945
48775,26825
39873,26949
18413,27135
25533,27419
19667,27456
13765,27389
13056,27396
8729,27393
11177,27455
6434,27471
5802,27487
6814,27420
8075,27329
8489,27262
10778,27219
9452,27195
8800,27183
7187,27232
5422,27241
5246,27235
6891,27216
5097,27118
9492,27097
7386,27061
7214,27053
5072,27028
7115,26992
6855,26969
5710,26952
5009,26918
7236,26901
8457,26855
6242,26809
8497,26762
9389,26734
7902,26717
4846,26736
6102,26757
4133,26731
6382,26692
6603,26624
6896,26558
8443,26436
14353,26388
10265,26395
3446,26474
3834,26532
2817,26468
4940,26390
15515,26183
24135,26015
16019,26017
4260,25995
9382,25977
5006,25703
3197,25370
5224,25113
6147,24970
3863,24781
5016,24693
3345,24641
4693,24505
4722,24412
6435,24376
4531,24368
4336,24297
5245,24238
1914,23891
4027,23700
3710,23203
4522,22377
6017,21870
3696,20900
5329,19514
5134,18407
1539,17618
3923,17233
2093,16429
4177,16016
4586,16016
6893,16016
2496,16016
3691,16016
2877,16016
4281,16016
6420,16016
8256,16016
5773,16016
3644,16016
4707,16016
8396,16016
6822,16016
3306,16016
6710,16016
3321,16016
3698,16016
3502,16016
3759,16016
9647,16016
19998,16016
16147,16016
3055,16016
5543,16016
2003,16016
3987,16016
2913,16016
1174,16016
3367,16016
5524,16016
3927,16016
2819,16016
3845,16016
1261,16016
6329,16016
3659,16016
3838,16016
5184,16016
1278,16016
6241,16016
3809,16016
3082,16016
3696,16016
172,16016
3452,16016
2568,16016
3236,16016
5670,16016
2509,16016
2847,16016
4476,16016
3265,16016
1104,16016
4258,16016
4328,16016
5483,16016
4306,16016
3594,16016
4540,16016
719,16016
5392,16016
2738,16016
5260,16016
6338,16016
4559,16016
10550,16016
8111,16016
3665,16016
8659,16016
7916,16016
5149,16016
4124,16016
2465,16016
3857,16016
7052,16016
3235,16016
3561,16016
5912,16016
2820,16016
2195,16016
4883,16016
2962,16016
4728,16016
5523,16016
3869,16016
4103,16016
661,16016
6635,16016
8192,16016
7509,16016
9169,16016
7592,16016
3668,16016
7100,16016
5907,16016
537,16016
3846,16016
1419,16016
2247,16016
2234,16016
3517,16016
1633,16016
4172,16016
7061,16016
3956,16016
2376,16016
5537,16016
5246,16016
1322,16016
3399,16016
2509,16016
4622,16016
6008,16016
4703,16016
6810,16016
3306,16016
6093,16016
7143,16016
5589,16016
9147,16016

==========>>>

Pos:4
Dis:150.04mm
data - cfar
67154,24956
113110,24711
145506,24065
149156,24368
75001,25301
27381,26002
57882,26253
42426,26035
54136,26214
33606,26278
34713,26476
26444,26668
10745,26752
25159,26817
17357,26709
21420,26799
12411,26828
12559,26877
11858,26909
7914,26859
16773,26641
36045,26445
32292,26435
17632,26501
26461,26629
19674,26601
14585,26669
9659,26705
7366,26716
8716,26667
13876,26603
12518,26576
13742,26574
15445,26532
13491,26502
13261,26510
12008,26519
9932,26514
8931,26493
9950,26450
10700,26407
11747,26375
10670,26314
12020,26307
11279,26266
10685,26226
11306,26195
10580,26182
9465,26135
11686,26122
7777,26049
11128,26024
9040,25951
10326,25896
9889,25825
9291,25815
8679,25786
7795,25727
8705,25692
10848,25642
10316,25589
7353,25540
9010,25489
8007,25406
7965,25322
7296,25274
6685,25236
7237,25131
7905,25084
11992,25014
13434,24921
13296,24851
10360,24789
7496,24671
7927,24585
4842,24367
9151,24134
7413,23983
8466,23985
7201,23940
8344,23856
7435,23804
9234,23702
8117,23592
5310,23443
8462,23382
7285,23200
8126,22982
7959,22739
7129,22365
8025,22066
6534,21647
8679,21455
6807,20923
5096,19825
5838,18697
7169,17803
8459,17297
6107,16436
5299,16231
6825,16231
6255,16231
5691,16231
7214,16231
5511,16231
8398,16231
5522,16231
8768,16231
9501,16231
4480,16231
5080,16231
7919,16231
6237,16231
5015,16231
6808,16231
6274,16231
4085,16231
8597,16231
4443,16231
6795,16231
10977,16231
3876,16231
5056,16231
5709,16231
7506,16231
5882,16231
4310,16231
8257,16231
8611,16231
3607,16231
3735,16231
6561,16231
5030,16231
5290,16231
6198,16231
3933,16231
5169,16231
5378,16231
2837,16231
8631,16231
5047,16231
3376,16231
6424,16231
4950,16231
6079,16231
4983,16231
3014,16231
5569,16231
3988,16231
3060,16231
3254,16231
7709,16231
6031,16231
2604,16231
7683,16231
5112,16231
1927,16231
3975,16231
4515,16231
3515,16231
3097,16231
6285,16231
7008,16231
1196,16231
8127,16231
4685,16231
3237,16231
4147,16231
5819,16231
6147,16231
1252,16231
6266,16231
6114,16231
1200,16231
6238,16231
7040,16231
927,16231
7908,16231
8262,16231
1218,16231
5549,16231
2241,16231
6180,16231
6612,16231
2694,16231
6546,16231
3135,16231
6430,16231
1785,16231
6258,16231
7184,16231
2976,16231
3269,16231
3258,16231
2189,16231
3121,16231
2105,16231
7914,16231
6994,16231
1026,16231
3881,16231
2701,16231
4412,16231
4445,16231
1913,16231
4880,16231
624,16231
7226,16231
6432,16231
4020,16231
6895,16231
937,16231
5077,16231
1288,16231
8091,16231
8673,16231
1965,16231
6405,16231
6705,16231
1733,16231

==========>>>

Pos:3
Dis:112.53mm
data - cfar
82644,28733
138326,28562
157222,28137
131343,28979
36663,29484
94474,29874
82149,29869
30067,29980
79647,30310
30746,30360
26199,30856
14956,30845
31128,30814
27416,30661
36395,30746
21442,30758
25089,30900
17233,30791
30047,30780
28827,30703
20085,30550
48493,30429
42350,30466
15120,30613
17534,30861
17687,30835
7937,30692
15058,30768
7529,30716
18302,30745
9396,30641
18465,30738
8337,30688
17955,30757
7885,30744
13757,30765
7925,30743
12159,30760
7783,30684
13083,30669
10499,30567
14467,30528
10991,30471
12104,30455
11304,30449
9593,30430
10747,30364
11118,30314
10759,30299
9921,30211
13312,30177
10530,30128
12467,30139
8896,30053
10484,30037
9559,29968
13057,29900
8901,29851
8625,29807
10561,29776
12295,29741
7203,29713
11795,29691
5995,29668
6625,29603
6451,29604
7666,29489
7641,29484
5459,29434
3771,29356
11983,29079
30270,28831
29117,28762
11307,28800
14733,28851
10132,28550
10931,28235
7863,28111
13131,27961
10625,27715
11346,27678
9700,27566
7159,27461
7692,27263
7159,27045
10071,26833
7829,26701
9923,26550
9451,26346
10554,25734
10056,25517
11739,24958
5184,24293
7040,24097
4320,23051
11419,21873
8341,20800
5598,20237
6221,19182
9348,19089
8190,19089
5497,19089
4488,19089
9310,19089
935,19089
11844,19089
8061,19089
6835,19089
7355,19089
9271,19089
8777,19089
6318,19089
8456,19089
6155,19089
12977,19089
6271,19089
6871,19089
9173,19089
9826,19089
2437,19089
18103,19089
18587,19089
9681,19089
11515,19089
7547,19089
3389,19089
5471,19089
9983,19089
8694,19089
4770,19089
9681,19089
4514,19089
8596,19089
8478,19089
6113,19089
5102,19089
2634,19089
5986,19089
4059,19089
5177,19089
6777,19089
8665,19089
2086,19089
8078,19089
7179,19089
1863,19089
6553,19089
7120,19089
6598,19089
259,19089
7211,19089
6378,19089
4332,19089
3341,19089
5003,19089
7278,19089
6343,19089
5613,19089
4625,19089
4429,19089
4393,19089
10018,19089
4993,19089
7774,19089
8054,19089
1991,19089
4777,19089
1839,19089
8315,19089
6793,19089
2633,19089
3868,19089
1693,19089
7359,19089
9489,19089
2341,19089
9166,19089
7453,19089
4496,19089
8808,19089
2636,19089
4392,19089
1066,19089
6470,19089
7574,19089
2232,19089
4870,19089
5989,19089
7236,19089
4443,19089
5133,19089
9223,19089
3760,19089
6034,19089
5718,19089
3382,19089
8794,19089
11255,19089
8873,19089
2467,19089
7611,19089
8813,19089
2885,19089
7511,19089
6959,19089
3691,19089
9149,19089
3019,19089
5151,19089
2832,19089
8121,19089
11903,19089
5389,19089
3369,19089
3452,19089
4552,19089
5841,19089
2414,19089
1971,19089
1284,19089

==========>>>

Pos:4
Dis:150.04mm
data - cfar
13687,18819
29711,18387
83521,17498
128254,16895
105120,17083
60523,17408
86098,17790
54894,18042
27656,18367
45905,18685
15436,18791
15248,19079
9751,19128
8074,19092
20657,19042
17096,18991
12560,19032
17633,19177
4350,19160
16296,19168
15331,18885
38076,18779
27754,18849
3891,19051
13589,19264
5973,19189
11532,19179
7935,19104
11505,19112
6819,19092
9990,19139
3593,19127
5637,19169
2495,19123
6833,19091
5398,19059
7059,19046
5459,19023
8129,19005
4674,18975
6168,18988
3317,18974
5049,18964
2848,18898
7702,18862
4865,18822
7830,18821
7264,18767
6488,18734
7291,18710
5889,18687
3764,18691
3330,18694
5345,18641
5621,18600
6245,18593
4922,18601
5929,18574
4417,18550
5648,18523
1905,18501
5935,18520
2329,18494
5435,18477
4550,18454
5764,18422
4763,18426
3833,18413
2799,18377
6407,18242
10327,18119
12017,18018
8716,18048
2837,18039
3704,18067
4361,17850
3243,17557
4507,17454
3783,17340
1568,17353
397,17258
3707,17199
3630,17088
1951,16937
4087,16896
3596,16839
1564,16735
3278,16650
3712,16321
1793,16108
4303,15711
3410,15036
4261,14591
2087,13763
3682,12780
3439,12140
3504,11957
2589,11876
5422,11675
2740,11049
2903,10972
3176,10972
1571,10972
3398,10972
2828,10972
4503,10972
4312,10972
1874,10972
2462,10972
4863,10972
2949,10972
1755,10972
5777,10972
6063,10972
3125,10972
2555,10972
2326,10972
1360,10972
1700,10972
4780,10972
8071,10972
6923,10972
4992,10972
6416,10972
2726,10972
2253,10972
1939,10972
2063,10972
3584,10972
1893,10972
1142,10972
2881,10972
2872,10972
1790,10972
975,10972
1365,10972
2716,10972
3588,10972
1575,10972
1617,10972
629,10972
3295,10972
3117,10972
688,10972
2663,10972
2067,10972
1606,10972
4363,10972
4666,10972
2827,10972
598,10972
3772,10972
4666,10972
922,10972
2262,10972
796,10972
4093,10972
6203,10972
5607,10972
3256,10972
3018,10972
1011,10972
3301,10972
5401,10972
3921,10972
838,10972
1627,10972
985,10972
2393,10972
4065,10972
3158,10972
572,10972
1806,10972
1650,10972
282,10972
1870,10972
5548,10972
7130,10972
4556,10972
1909,10972
2822,10972
2222,10972
1175,10972
4814,10972
4511,10972
1633,10972
4298,10972
3086,10972
2014,10972
462,10972
2935,10972
3886,10972
5449,10972
5380,10972
3498,10972
4520,10972
1823,10972
3521,10972
2720,10972
4838,10972
5465,10972
3683,10972
5167,10972
5836,10972
1937,10972
4754,10972
4400,10972
2379,10972
5022,10972
3223,10972
418,10972
2916,10972
2837,10972
386,10972
2050,10972
2104,10972
1463,10972
5766,10972
6192,10972
106,10972

==========>>>

Pos:2
Dis:75.02mm
data - cfar
78851,22380
131752,22600
101477,22927
36453,23392
71030,23564
82896,23434
53811,23728
33185,24040
42645,24334
17787,24419
27202,24634
11119,24628
18249,24660
22468,24577
18785,24632
9228,24727
14597,24813
8671,24753
14467,24748
13553,24715
16552,24439
47545,24093
54295,23988
23515,24239
18122,24650
14415,24659
12497,24575
15233,24564
9219,24475
17583,24522
9539,24506
14550,24535
8179,24481
15063,24491
6655,24467
11526,24492
7249,24439
12676,24392
8955,24315
14834,24260
10411,24186
13331,24210
9851,24179
11389,24177
8113,24145
8768,24120
8346,24078
9298,24039
9606,23960
11066,23905
10386,23844
12292,23811
9495,23780
10271,23800
7470,23764
8750,23732
10341,23634
11269,23537
11708,23511
5174,23463
10332,23459
6888,23438
8878,23433
5660,23437
9620,23406
4613,23339
8988,23285
5289,23205
7928,23113
7793,23024
13891,22816
20074,22720
14111,22722
2919,22724
9470,22632
7955,22237
6556,21938
8471,21831
7106,21777
6687,21695
7639,21684
5047,21628
6550,21641
6345,21508
9555,21346
6011,21195
8575,21146
7622,20951
6042,20862
6058,20595
4818,20358
4975,20004
6673,19432
4080,18915
6653,18654
5821,17845
8536,16833
6088,16259
4819,15577
4824,15577
7332,15577
7530,15577
4451,15577
4093,15577
7267,15577
10802,15577
3320,15577
8292,15577
5291,15577
6775,15577
4245,15577
10761,15577
5737,15577
5332,15577
5018,15577
10797,15577
6639,15577
3428,15577
1553,15577
11852,15577
15169,15577
4198,15577
6520,15577
7382,15577
1559,15577
8169,15577
8606,15577
3277,15577
3223,15577
3044,15577
5947,15577
4225,15577
6248,15577
1827,15577
2929,15577
2516,15577
6288,15577
8367,15577
5808,15577
2005,15577
5194,15577
3236,15577
8108,15577
6289,15577
3750,15577
3823,15577
4254,15577
2572,15577
4708,15577
5838,15577
6074,15577
5908,15577
4655,15577
1153,15577
6368,15577
1868,15577
7440,15577
8262,15577
6156,15577
9926,15577
6901,15577
2953,15577
3364,15577
2729,15577
4767,15577
6593,15577
1069,15577
6580,15577
3685,15577
7855,15577
5616,15577
7906,15577
8657,15577
2221,15577
6779,15577
3338,15577
5129,15577
7393,15577
9627,15577
6451,15577
1304,15577
1418,15577
2972,15577
2592,15577
3985,15577
6015,15577
2044,15577
9639,15577
9686,15577
7139,15577
2659,15577
3361,15577
3027,15577
5107,15577
7956,15577
3465,15577
4322,15577
8214,15577
4728,15577
1574,15577
713,15577
5180,15577
5193,15577
4141,15577
7996,15577
3257,15577
9477,15577
6238,15577
4333,15577
6804,15577
2504,15577
8216,15577
5612,15577
1718,15577
3057,15577
2311,15577
6896,15577
12031,15577
8588,15577
2733,15577

==========>>>

Pos:4
Dis:150.04mm
data - cfar
37293,15398
54981,15391
55987,14978
88566,14763
81885,14908
38683,15062
67495,15305
51231,15371
29542,15574
40919,15881
12800,16021
13381,16288
10225,16377
3048,16367
15152,16333
14675,16253
12693,16209
19092,16243
9932,16184
20439,16222
14794,15987
39683,15805
42818,15751
19459,16025
4766,16387
2535,16470
6494,16391
6135,16307
8260,16315
2539,16322
3666,16346
3390,16337
3674,16316
3317,16291
6424,16281
3134,16272
6462,16261
4838,16236
5477,16278
2586,16278
4506,16279
1410,16250
3667,16261
1690,16197
4418,16166
3573,16121
4945,16106
4050,16107
2661,16141
927,16136
3720,16111
3664,16057
3656,16030
5153,15982
6199,15986
3491,15969
5660,15983
4545,15966
3904,15971
3424,15963
4455,15953
5360,15930
1503,15927
5430,15918
2306,15891
3319,15914
1604,15891
3562,15886
1940,15865
3488,15809
5048,15692
11717,15591
10867,15584
4093,15618
4339,15528
4505,15225
2957,14947
1747,14867
2466,14753
315,14676
2346,14558
2725,14460
3771,14346
3003,14256
783,14261
2151,14198
1569,14109
1173,14021
1884,13705
3476,13482
2428,13066
4151,12550
3324,12254
2353,11655
2725,10994
2603,10558
2269,10167
2291,9922
1654,9505
2343,9192
3431,9192
1729,9192
4326,9192
1685,9192
2595,9192
2358,9192
2707,9192
4643,9192
3743,9192
1235,9192
3151,9192
3252,9192
1172,9192
1879,9192
537,9192
3062,9192
1637,9192
2327,9192
2291,9192
4238,9192
9639,9192
8433,9192
3049,9192
166,9192
525,9192
362,9192
1680,9192
1580,9192
393,9192
2161,9192
3638,9192
3434,9192
2409,9192
3673,9192
4876,9192
3538,9192
553,9192
3054,9192
2074,9192
1166,9192
1084,9192
1181,9192
1467,9192
2919,9192
1180,9192
1752,9192
1917,9192
791,9192
1526,9192
885,9192
2061,9192
1993,9192
1574,9192
2816,9192
905,9192
4404,9192
5019,9192
1631,9192
3724,9192
2210,9192
1719,9192
2786,9192
1665,9192
1715,9192
1809,9192
2562,9192
1085,9192
1176,9192
578,9192
1771,9192
1654,9192
3316,9192
1885,9192
2566,9192
3415,9192
792,9192
4386,9192
3795,9192
825,9192
1764,9192
2100,9192
804,9192
2564,9192
1359,9192
2803,9192
2529,9192
770,9192
2068,9192
1090,9192
4591,9192
4104,9192
719,9192
5010,9192
5282,9192
2244,9192
2116,9192
1764,9192
544,9192
1247,9192
2841,9192
2084,9192
2219,9192
4117,9192
3204,9192
1765,9192
2363,9192
3505,9192
1811,9192
1195,9192
2374,9192
2709,9192
1810,9192
1318,9192
2190,9192
1048,9192
1397,9192
1577,9192
1586,9192
3021,9192
1887,9192

==========>>>

Pos:5
Dis:187.55mm
data - cfar
39438,16828
65117,16836
62135,16409
94329,16158
96081,16317
42422,16530
66691,16872
56471,17003
27856,17200
41703,17557
11760,17644
17095,17872
11086,17920
4424,17937
12688,17906
15196,17851
9752,17791
18683,17823
10354,17733
18820,17831
4305,17691
25984,17598
28298,17557
5386,17694
7641,17829
8750,17694
13796,17666
9031,17655
13988,17668
8967,17686
9330,17756
3376,17774
5214,17783
5387,17744
7224,17713
5282,17673
8350,17675
5023,17652
7382,17650
5818,17636
4586,17630
4470,17645
4656,17632
3541,17611
5731,17599
6641,17552
6302,17531
5971,17542
5396,17502
6361,17512
1359,17480
4649,17467
5118,17404
5052,17372
4594,17359
6092,17343
4549,17321
4647,17308
5113,17299
3224,17255
3389,17239
5172,17180
5542,17121
6204,17092
4977,17069
5001,17067
4205,17065
5320,17039
1461,17007
5372,16918
3808,16843
7616,16732
11152,16637
7457,16627
4743,16644
6345,16450
4260,16272
4335,16285
3158,16170
3122,16127
3467,15970
4484,15910
4566,15800
4542,15728
4145,15719
5120,15646
3620,15541
2741,15490
3699,15211
1355,15010
2319,14604
1544,14077
4242,13743
3731,12996
3028,12273
2733,11787
3667,11297
1669,10999
3482,10503
2254,10276
4120,10276
3671,10276
5157,10276
4366,10276
1343,10276
4229,10276
3015,10276
1907,10276
3849,10276
1899,10276
4730,10276
2894,10276
2807,10276
2662,10276
807,10276
1223,10276
2248,10276
2015,10276
2214,10276
3696,10276
5034,10276
2406,10276
5526,10276
7587,10276
2280,10276
3993,10276
3623,10276
2742,10276
2187,10276
3860,10276
2374,10276
3338,10276
3288,10276
2508,10276
529,10276
2929,10276
897,10276
5271,10276
3433,10276
3161,10276
5606,10276
1879,10276
2191,10276
1576,10276
1271,10276
2129,10276
1101,10276
3392,10276
2440,10276
1624,10276
2831,10276
2185,10276
1733,10276
1880,10276
3434,10276
486,10276
3093,10276
3118,10276
687,10276
3296,10276
1979,10276
2992,10276
3389,10276
2552,10276
6072,10276
1271,10276
5670,10276
5456,10276
402,10276
3486,10276
2714,10276
514,10276
3046,10276
2785,10276
3150,10276
3956,10276
169,10276
3536,10276
2347,10276
3214,10276
3848,10276
1016,10276
2372,10276
3871,10276
4137,10276
1943,10276
2841,10276
2807,10276
1570,10276
2908,10276
1251,10276
585,10276
1618,10276
2509,10276
825,10276
2214,10276
1902,10276
1089,10276
3964,10276
4913,10276
2868,10276
4355,10276
1951,10276
1775,10276
1153,10276
3260,10276
3324,10276
482,10276
2814,10276
3836,10276
1009,10276
3410,10276
2626,10276
2434,10276
3280,10276
1632,10276
5008,10276
4354,10276
4832,10276
3172,10276

==========>>>

Pos:4
Dis:150.04mm
data - cfar
34313,14527
41154,14507
45167,14042
92502,13733
79025,13823
34279,13938
75716,14128
56080,14142
33507,14405
39999,14701
15165,14859
12965,15152
3090,15161
13716,15109
17348,14991
17313,14982
12784,14986
17086,15023
12335,15026
10034,15103
6390,15167
6858,15156
10726,15096
16084,15121
6489,15131
11739,15130
12205,15063
8738,15096
6699,15125
4573,15146
4854,15169
1537,15188
1422,15162
5883,15104
7174,15043
5760,15026
7189,15026
4174,15002
5914,15002
2995,14974
3280,14990
1316,14963
4748,14929
4015,14873
4439,14895
2585,14859
4709,14882
2672,14853
4226,14905
430,14872
3868,14903
221,14854
4371,14867
1281,14803
5693,14770
5138,14721
4656,14737
4698,14725
5817,14730
5053,14707
5094,14707
3516,14694
3496,14653
5339,14630
2970,14592
4547,14630
1976,14639
2505,14642
2508,14626
4947,14575
3446,14470
10106,14367
7675,14308
1151,14341
2414,14273
1370,14187
2748,14168
675,14118
2555,14042
3167,13934
2458,13804
3193,13721
2128,13580
3777,13457
3205,13360
3212,13353
3144,13271
1627,13163
3801,12847
4466,12591
2666,12170
2344,11597
3916,11357
1589,10731
3576,10029
3096,9699
862,9394
2373,9144
2425,8840
2283,8497
2150,8465
1604,8465
3551,8465
3631,8465
2128,8465
322,8465
1145,8465
3321,8465
2907,8465
1016,8465
3034,8465
89,8465
3402,8465
2127,8465
883,8465
1504,8465
3396,8465
1952,8465
3478,8465
5269,8465
3374,8465
3751,8465
3842,8465
2525,8465
1076,8465
1199,8465
282,8465
1292,8465
2273,8465
1242,8465
1937,8465
2589,8465
616,8465
2206,8465
769,8465
1390,8465
2157,8465
2972,8465
1623,8465
1697,8465
1906,8465
521,8465
1337,8465
1830,8465
2694,8465
1340,8465
2486,8465
2460,8465
1666,8465
1858,8465
574,8465
1882,8465
2402,8465
2447,8465
4011,8465
3350,8465
1934,8465
3994,8465
754,8465
3748,8465
2136,8465
2778,8465
2278,8465
3196,8465
5451,8465
1209,8465
3105,8465
1884,8465
1913,8465
3012,8465
1218,8465
1421,8465
2647,8465
1199,8465
858,8465
500,8465
1186,8465
1225,8465
860,8465
1778,8465
2437,8465
1540,8465
1110,8465
1974,8465
1319,8465
2148,8465
1244,8465
2689,8465
2797,8465
962,8465
2740,8465
2601,8465
1380,8465
1977,8465
3961,8465
1530,8465
2804,8465
2227,8465
2354,8465
2951,8465
1496,8465
3322,8465
979,8465
1465,8465
1438,8465
2904,8465
687,8465
2451,8465
1710,8465
1143,8465
747,8465
1467,8465
693,8465
2662,8465
2984,8465
339,8465
2233,8465
1900,8465
1548,8465
865,8465

==========>>>

Pos:4
Dis:150.04mm
data - cfar
31498,12950
51558,12883
60652,12473
83862,12311
72878,12497
38110,12636
65371,12801
52738,12841
32490,13047
38973,13340
14332,13504
11853,13733
8907,13787
6001,13792
11772,13757
13848,13723
8427,13687
15425,13694
12077,13658
11662,13699
10041,13757
4023,13828
3864,13854
5630,13849
4911,13801
8367,13768
7794,13755
5997,13743
7432,13783
3515,13810
3116,13856
2338,13869
2769,13845
3181,13824
4899,13792
4113,13768
5823,13773
4042,13765
4862,13777
2462,13778
3831,13779
1671,13767
3398,13762
2776,13714
4950,13702
4115,13663
4612,13673
3392,13677
3785,13696
1938,13686
2106,13686
1508,13649
4304,13623
2821,13575
4419,13563
4442,13539
2758,13539
3807,13541
1653,13538
2390,13544
1234,13518
2199,13488
2947,13465
4066,13428
3944,13411
4465,13430
2385,13436
2289,13451
1504,13446
2153,13391
2730,13350
3263,13291
3441,13220
3637,13189
2675,13160
2650,13159
896,13139
3077,13094
1851,13000
2365,12936
2771,12839
3302,12775
3625,12670
3938,12596
2295,12561
3029,12517
1934,12449
1892,12359
1622,12061
2358,11809
2690,11402
2875,10906
3397,10643
1246,10074
2941,9444
1647,8982
1599,8592
2230,8346
2008,7944
3709,7781
2302,7781
2493,7781
3689,7781
2066,7781
2163,7781
309,7781
1961,7781
927,7781
1477,7781
2853,7781
4521,7781
1748,7781
2325,7781
1881,7781
1024,7781
1661,7781
2357,7781
2174,7781
1494,7781
2952,7781
2046,7781
1443,7781
2701,7781
289,7781
2948,7781
1958,7781
3009,7781
3407,7781
1484,7781
3815,7781
1286,7781
2559,7781
2056,7781
891,7781
645,7781
1513,7781
780,7781
2079,7781
2787,7781
1586,7781
2110,7781
1191,7781
1231,7781
2221,7781
1662,7781
1299,7781
1056,7781
2315,7781
1497,7781
1852,7781
1344,7781
324,7781
1011,7781
1308,7781
1743,7781
3099,7781
1244,7781
2617,7781
3993,7781
1997,7781
2514,7781
3529,7781
1386,7781
2116,7781
2533,7781
956,7781
2601,7781
1528,7781
324,7781
459,7781
1119,7781
970,7781
1894,7781
3504,7781
1311,7781
3632,7781
4641,7781
1484,7781
1786,7781
1429,7781
872,7781
1408,7781
2785,7781
1514,7781
1713,7781
1370,7781
2421,7781
3508,7781
3341,7781
973,7781
2315,7781
2390,7781
1469,7781
672,7781
2853,7781
3829,7781
1285,7781
2080,7781
2893,7781
1089,7781
2576,7781
3114,7781
1314,7781
853,7781
1396,7781
990,7781
1758,7781
1096,7781
1322,7781
1398,7781
2673,7781
3689,7781
587,7781
2565,7781
762,7781
3051,7781
2866,7781
1274,7781
3033,7781
1640,7781

==========>>>

Pos:4
Dis:150.04mm
data - cfar
30272,14794
52742,14730
62203,14268
90229,14075
78896,14270
37513,14455
66610,14695
48596,14720
33304,14898
44302,15156
14168,15330
12769,15634
7344,15676
9373,15647
15949,15539
19163,15500
13068,15456
18102,15491
13700,15475
13540,15530
11628,15567
8953,15484
27105,15399
24946,15423
6331,15547
7920,15664
5510,15635
7937,15628
6451,15620
4345,15657
4075,15685
2355,15695
2727,15675
3434,15614
5585,15579
6001,15522
7607,15504
7013,15514
5098,15539
1654,15569
3396,15603
1668,15568
4412,15571
2540,15522
4886,15501
4937,15462
5392,15469
2071,15444
4354,15491
1130,15458
4665,15453
3152,15402
3940,15372
3776,15334
4823,15322
4008,15305
3218,15341
1633,15338
3928,15317
5295,15306
1164,15261
3967,15227
3597,15173
3262,15127
6218,15092
6088,15097
2925,15135
2368,15166
360,15161
3300,15114
3796,15036
3876,14989
6327,14921
6077,14900
1963,14767
1121,14615
253,14562
1599,14477
2634,14359
2636,14253
3216,14102
5096,14006
2496,13854
4114,13746
4047,13694
2277,13669
1232,13597
1817,13499
2799,13153
2461,12910
2994,12545
2791,12028
2479,11762
1806,11160
1327,10461
2512,10005
1244,9602
2502,9359
3955,8944
3085,8615
1760,8615
2394,8615
2778,8615
2019,8615
2706,8615
1052,8615
3297,8615
2781,8615
2851,8615
3508,8615
2298,8615
1162,8615
1667,8615
2204,8615
1082,8615
3166,8615
1505,8615
3287,8615
3719,8615
2356,8615
2662,8615
1677,8615
1817,8615
1378,8615
1200,8615
1133,8615
1865,8615
2567,8615
2845,8615
1798,8615
2064,8615
517,8615
3100,8615
1562,8615
2542,8615
4144,8615
2435,8615
1600,8615
3571,8615
1711,8615
1692,8615
1896,8615
1143,8615
967,8615
2768,8615
2845,8615
256,8615
1751,8615
244,8615
1741,8615
982,8615
1774,8615
2993,8615
2934,8615
1040,8615
3234,8615
1351,8615
1718,8615
1194,8615
2007,8615
1478,8615
3044,8615
3263,8615
2373,8615
4076,8615
1842,8615
1589,8615
2589,8615
1598,8615
1740,8615
2916,8615
1991,8615
1956,8615
2410,8615
907,8615
1865,8615
1528,8615
674,8615
862,8615
1236,8615
2500,8615
1375,8615
1403,8615
2282,8615
1708,8615
3643,8615
2386,8615
1113,8615
2681,8615
1169,8615
1742,8615
3850,8615
2844,8615
975,8615
1968,8615
746,8615
1811,8615
1112,8615
1847,8615
1455,8615
1098,8615
700,8615
2618,8615
1910,8615
1035,8615
1002,8615
1664,8615
1927,8615
414,8615
1975,8615
1284,8615
1383,8615
1346,8615
2896,8615
4516,8615
1419,8615
3142,8615
3176,8615
624,8615
2687,8615

==========>>>

Pos:4
Dis:150.04mm
data - cfar
31311,14402
52479,14355
60424,13976
78797,13901
64281,14046
43796,14116
70554,14239
49807,14326
31360,14563
38054,14839
13001,15017
10848,15260
7327,15334
4463,15313
14227,15261
15228,15207
8610,15162
19060,15184
13469,15141
12147,15194
13878,15284
1266,15253
16728,15194
18933,15023
15661,14992
12477,15083
4787,15145
6688,15196
5815,15184
2386,15206
2688,15226
4410,15191
2779,15129
8585,15094
6575,15042
6890,15064
5960,15054
4732,15084
2780,15067
4663,15064
3519,15048
2282,15008
1788,14979
4452,14951
6057,14935
4091,14902
4489,14914
3907,14901
5042,14914
2444,14903
2710,14907
3406,14853
5198,14852
1776,14837
2552,14809
5480,14738
10327,14717
4867,14715
3850,14743
4013,14775
2021,14750
3815,14734
2160,14683
3787,14633
5109,14568
3934,14538
5905,14533
2995,14520
4321,14511
5623,14484
2343,14461
2517,14417
7019,14252
11817,14079
9527,13950
5757,13922
1284,13977
2889,13914
768,13825
2676,13755
1277,13586
3951,13526
3424,13404
2645,13308
3823,13305
2648,13275
647,13213
1719,13118
3433,12797
3984,12569
2020,12203
2516,11670
1862,11346
1982,10858
1438,10256
1711,9813
382,9408
2388,9173
1174,8749
3681,8484
3775,8484
2438,8484
3621,8484
671,8484
1499,8484
1608,8484
3693,8484
744,8484
3479,8484
4570,8484
3868,8484
830,8484
2981,8484
2352,8484
830,8484
2277,8484
2072,8484
1934,8484
3364,8484
2162,8484
3713,8484
4381,8484
1423,8484
2084,8484
1775,8484
3031,8484
4127,8484
1946,8484
1899,8484
2824,8484
1367,8484
2347,8484
731,8484
1693,8484
545,8484
2232,8484
2297,8484
2451,8484
2687,8484
2864,8484
2053,8484
1028,8484
2737,8484
2038,8484
2093,8484
2352,8484
2800,8484
427,8484
3045,8484
3306,8484
1224,8484
1262,8484
1959,8484
1606,8484
1890,8484
3997,8484
1614,8484
2015,8484
2171,8484
1562,8484
2110,8484
1106,8484
1707,8484
1399,8484
1025,8484
1658,8484
1962,8484
684,8484
977,8484
798,8484
1301,8484
2634,8484
1616,8484
896,8484
2351,8484
2887,8484
849,8484
1785,8484
1203,8484
1893,8484
3293,8484
1535,8484
940,8484
1738,8484
650,8484
2827,8484
2502,8484
949,8484
2744,8484
1375,8484
2344,8484
2789,8484
2110,8484
996,8484
2071,8484
2404,8484
1188,8484
2293,8484
3824,8484
786,8484
3380,8484
2246,8484
2103,8484
2882,8484
885,8484
2554,8484
698,8484
1780,8484
656,8484
1939,8484
2013,8484
928,8484
1352,8484
1933,8484
2879,8484
3083,8484
792,8484
1868,8484
3294,8484
2898,8484

==========>>>

Pos:4
Dis:150.04mm
data - cfar
31097,14458
56734,14410
64399,14030
77718,13976
64212,14134
43829,14156
75484,14232
56739,14310
35562,14518
45906,14810
19257,14978
14211,15241
10819,15336
7214,15354
12238,15331
13073,15305
8839,15274
15135,15254
12485,15221
14861,15250
10212,15329
3628,15369
8649,15400
4175,15366
6010,15301
12667,15173
9342,15091
4412,15119
7389,15155
4068,15167
3548,15202
1957,15216
2467,15218
3542,15195
4957,15165
4541,15130
6373,15142
3718,15139
5574,15162
2218,15171
3278,15197
782,15162
4051,15145
3911,15096
5916,15070
4743,15044
5816,15048
4980,15063
3221,15097
2439,15098
2375,15082
2912,15049
3619,15015
3747,14967
4224,14948
4529,14928
4020,14945
2595,14958
2117,14969
2544,14944
1222,14929
2582,14897
3454,14838
5199,14818
3258,14817
2571,14829
1876,14827
2549,14820
1568,14801
2760,14769
3602,14664
12842,14525
14179,14425
7260,14451
4739,14516
4658,14492
3539,14503
1817,14482
2210,14412
2086,14302
4311,14185
4183,14123
4189,14038
4290,13981
3311,13962
2118,13914
2435,13847
3054,13714
3911,13347
4509,13107
3468,12693
4291,12117
3104,11808
3340,11324
3841,10732
2086,10254
2024,9838
3561,9625
512,9175
4526,8948
2773,8948
3689,8948
6399,8948
5062,8948
1276,8948
3477,8948
2930,8948
728,8948
2082,8948
3625,8948
3623,8948
2478,8948
3211,8948
1215,8948
3864,8948
1040,8948
2923,8948
2359,8948
2609,8948
2832,8948
2969,8948
3135,8948
834,8948
1961,8948
2045,8948
2180,8948
1497,8948
2160,8948
2736,8948
3400,8948
3473,8948
1781,8948
2843,8948
1901,8948
1346,8948
2792,8948
1124,8948
1411,8948
3030,8948
3162,8948
1121,8948
2242,8948
2520,8948
2641,8948
3443,8948
666,8948
2718,8948
2859,8948
1751,8948
1205,8948
2401,8948
1744,8948
1310,8948
2489,8948
2156,8948
1034,8948
2248,8948
3320,8948
1012,8948
3028,8948
2518,8948
700,8948
999,8948
1713,8948
2555,8948
4308,8948
2460,8948
3161,8948
3550,8948
1261,8948
2904,8948
1892,8948
2048,8948
5126,8948
4544,8948
1069,8948
2294,8948
3036,8948
2283,8948
4189,8948
2769,8948
2832,8948
5497,8948
4155,8948
1579,8948
5535,8948
4673,8948
1072,8948
4561,8948
2539,8948
1615,8948
2640,8948
3748,8948
2513,8948
2262,8948
3199,8948
1301,8948
1683,8948
1954,8948
2863,8948
4774,8948
1972,8948
3929,8948
3249,8948
2746,8948
3984,8948
1529,8948
358,8948
1470,8948
2538,8948
3907,8948
3382,8948
796,8948
3233,8948
2303,8948
2841,8948
1771,8948
1032,8948
1768,8948
1055,8948

==========>>>

Pos:2
Dis:75.02mm
data - cfar
68083,15392
103499,15669
67759,16155
6292,16598
46272,16944
24529,16758
30192,16810
42207,16876
19273,16766
44609,16935
21827,16944
20241,17126
22046,17181
11395,17239
10728,17253
20030,17186
22758,17125
21581,17056
30884,17119
15372,17024
30735,17029
27450,17038
10083,17243
2630,17429
5042,17467
4825,17424
8931,17389
9294,17327
11105,17326
8785,17287
8646,17290
6223,17265
5267,17255
4917,17233
5617,17219
5467,17197
7754,17187
7850,17138
8474,17114
8388,17122
5956,17117
6358,17112
6385,17088
5208,17069
5544,17058
7652,17055
6335,17015
7604,17030
5439,16983
9141,16980
5714,16946
6053,16973
3426,16929
5412,16916
5514,16859
7561,16837
6410,16813
6932,16810
4868,16762
6709,16719
6380,16689
3149,16682
2962,16667
4715,16630
6894,16605
6389,16577
7743,16568
7033,16527
7633,16504
5076,16456
6055,16425
5227,16378
3648,16366
5088,16365
5832,16373
6303,16314
6954,16130
5565,15936
4739,15863
4102,15651
3600,15500
3437,15344
4400,15208
4132,15131
5166,15047
6701,14868
6541,14737
3666,14594
3929,14273
4067,14145
2590,13847
2047,13628
4073,13443
4090,13080
5507,13046
5373,12530
4326,11744
3617,11211
5181,10785
4323,10785
4741,10785
4421,10785
4567,10785
5682,10785
4596,10785
4961,10785
5726,10785
6971,10785
3271,10785
3037,10785
3861,10785
7254,10785
6656,10785
5629,10785
4756,10785
1881,10785
2676,10785
2808,10785
4241,10785
6945,10785
4641,10785
4496,10785
5091,10785
4482,10785
4709,10785
2099,10785
2520,10785
1119,10785
1274,10785
3504,10785
3193,10785
3045,10785
4134,10785
3135,10785
4319,10785
3922,10785
4283,10785
3782,10785
3667,10785
2404,10785
5233,10785
4166,10785
3087,10785
5310,10785
6004,10785
3183,10785
3985,10785
4022,10785
1734,10785
3374,10785
2175,10785
4493,10785
4726,10785
2937,10785
2611,10785
2533,10785
2233,10785
3205,10785
1905,10785
4670,10785
5192,10785
4652,10785
5265,10785
4646,10785
3262,10785
4039,10785
2903,10785
1582,10785
2356,10785
5518,10785
6344,10785
4394,10785
3952,10785
4570,10785
3280,10785
2078,10785
1076,10785
3324,10785
3308,10785
2715,10785
3098,10785
1798,10785
2132,10785
941,10785
1452,10785
2036,10785
2557,10785
2463,10785
2572,10785
3741,10785
3254,10785
2662,10785
2085,10785
370,10785
910,10785
2269,10785
4579,10785
2720,10785
2243,10785
4232,10785
4689,10785
4363,10785
3736,10785
3557,10785
3935,10785
3688,10785
2560,10785
1869,10785
1853,10785
2013,10785
900,10785
2340,10785
3438,10785
2315,10785
6265,10785
6303,10785
4852,10785
5181,10785
2625,10785
4271,10785

==========>>>

Pos:4
Dis:150.04mm
data - cfar
29924,13375
58807,13271
70075,12890
80022,12817
68828,13105
33648,13261
59830,13387
53066,13396
30733,13570
39451,13855
16430,14004
13395,14225
10939,14322
4755,14351
9015,14338
12954,14318
8202,14267
14386,14272
11088,14236
10615,14275
9928,14342
1192,14380
3967,14432
2769,14376
5379,14336
7943,14298
8845,14256
7993,14262
8480,14286
4207,14301
4705,14344
1539,14360
3764,14344
3876,14318
5415,14293
4536,14260
6970,14262
5018,14256
4936,14277
2800,14267
4267,14270
2576,14236
4898,14211
3430,14167
5574,14156
4513,14123
4768,14137
4221,14129
3537,14152
2092,14155
3282,14137
2661,14104
4447,14085
4473,14030
5507,14038
4878,14028
3631,14027
4301,14018
3168,14006
3281,13997
1666,13985
2774,13948
3552,13893
4887,13854
3985,13827
4441,13837
2395,13842
3243,13834
2510,13800
3436,13751
3348,13697
4166,13643
3478,13586
5693,13572
4056,13582
3304,13596
3011,13608
2422,13561
1814,13485
3920,13420
3067,13312
3996,13270
2944,13190
3693,13138
3079,13114
2767,13045
2762,12979
1306,12868
2289,12586
2447,12358
2983,11954
3178,11486
3844,11239
2484,10728
2770,10138
806,9619
3347,9199
1449,8955
2631,8515
3554,8443
2492,8443
3440,8443
3386,8443
1215,8443
4170,8443
1752,8443
2842,8443
2151,8443
3401,8443
2403,8443
4059,8443
3814,8443
2893,8443
1860,8443
1742,8443
2339,8443
1064,8443
1125,8443
2750,8443
1183,8443
4589,8443
4712,8443
1521,8443
4592,8443
1801,8443
1127,8443
1779,8443
3960,8443
1646,8443
4565,8443
2414,8443
2496,8443
2591,8443
1307,8443
1871,8443
1141,8443
2228,8443
1496,8443
796,8443
3004,8443
2715,8443
1561,8443
3131,8443
1221,8443
2411,8443
2907,8443
1120,8443
2965,8443
3254,8443
1381,8443
4916,8443
2777,8443
1311,8443
1353,8443
898,8443
1255,8443
3012,8443
2624,8443
807,8443
1688,8443
1268,8443
2597,8443
1368,8443
1809,8443
958,8443
2418,8443
2691,8443
2149,8443
3015,8443
3543,8443
3874,8443
2994,8443
1043,8443
2596,8443
1777,8443
3616,8443
2816,8443
1933,8443
3395,8443
1509,8443
1609,8443
1297,8443
3252,8443
1827,8443
3493,8443
3440,8443
2788,8443
1943,8443
1893,8443
3652,8443
2338,8443
5099,8443
4305,8443
874,8443
3330,8443
573,8443
4659,8443
5677,8443
3142,8443
5448,8443
3358,8443
2142,8443
3481,8443
1505,8443
3458,8443
2619,8443
351,8443
2340,8443
1644,8443
606,8443
381,8443
2493,8443
4353,8443
3413,8443
3806,8443
3670,8443
1865,8443
878,8443
3453,8443
3665,8443

