Pos:7
Dis:262.57mm
data - cfar
4977,13588
39577,13314
73306,12809
71358,12953
21160,12991
68497,12867
88229,12686
40769,12981
31717,13421
33991,13652
11010,13800
12029,13953
12008,13890
15658,13884
12855,13896
9707,13944
8172,13921
12181,13919
5672,13933
4060,13949
7645,13922
7615,13883
7185,13875
10006,13868
7123,13852
6680,13891
3538,13870
3256,13918
323,13911
3166,13889
2977,13847
5530,13857
3942,13860
4390,13873
3793,13870
3504,13864
2606,13840
3309,13837
2097,13824
4681,13802
4384,13735
7789,13709
4377,13698
5514,13681
5465,13669
3345,13645
2120,13624
3861,13585
5661,13556
3694,13512
4590,13505
5883,13481
7314,13456
5016,13428
5368,13441
1638,13417
4095,13380
4933,13362
3936,13370
2685,13380
4302,13356
5227,13329
4829,13324
3921,13335
1178,13347
1487,13342
2295,13300
3016,13266
5129,13237
3828,13243
3595,13208
6895,13196
3469,13158
3461,13132
5147,13090
1548,13050
5701,13013
4887,12939
4115,12927
6123,12885
6920,12793
4146,12766
3611,12728
3733,12649
2862,12538
5433,12469
4863,12380
3930,12323
3954,12114
1743,11902
3456,11596
5015,10908
2654,10382
2631,10256
2406,9717
1788,9134
3835,8831
2938,8778
4169,8487
2153,7922
2728,7922
3778,7922
1671,7922
4040,7922
3274,7922
3430,7922
2984,7922
2265,7922
2159,7922
2887,7922
2924,7922
2224,7922
522,7922
2645,7922
3825,7922
1632,7922
3366,7922
3954,7922
2821,7922
3757,7922
919,7922
2026,7922
389,7922
3289,7922
2590,7922
2070,7922
2867,7922
4356,7922
3276,7922
1036,7922
3131,7922
2330,7922
1619,7922
2551,7922
3147,7922
2115,7922
2186,7922
573,7922
1292,7922
883,7922
2551,7922
782,7922
1685,7922
1944,7922
1615,7922
839,7922
3127,7922
2685,7922
653,7922
1363,7922
1532,7922
404,7922
2645,7922
4369,7922
4344,7922
2733,7922
1547,7922
1303,7922
2488,7922
1156,7922
2527,7922
1789,7922
2051,7922
2209,7922
1057,7922
1624,7922
580,7922
1773,7922
1725,7922
2072,7922
2739,7922
4403,7922
2569,7922
918,7922
2928,7922
2408,7922
511,7922
2270,7922
1652,7922
1576,7922
3459,7922
4375,7922
1823,7922
2392,7922
4315,7922
4466,7922
3055,7922
1931,7922
1085,7922
2597,7922
2152,7922
712,7922
1703,7922
606,7922
1072,7922
755,7922
1662,7922
536,7922
2425,7922
1746,7922
720,7922
788,7922
658,7922
1354,7922
1757,7922
1942,7922
2512,7922
2351,7922
718,7922
2447,7922
3290,7922
1699,7922
768,7922
229,7922
2038,7922
2816,7922
2003,7922
305,7922
1302,7922
1569,7922

==========>>>

Pos:4
Dis:150.04mm
data - cfar
24808,15746
39337,15763
37587,15262
89756,14898
84889,15097
11952,15178
78419,15358
61173,15140
37832,15360
49347,15702
17360,15874
14971,16206
7332,16218
14022,16215
15982,16095
18723,16107
10827,16056
19236,16090
10165,16087
8462,16193
6525,16219
4612,16252
4920,16221
12012,16182
8384,16143
12605,16123
9402,16086
7212,16135
6088,16176
3588,16193
2896,16205
5400,16189
5429,16162
5082,16140
5427,16084
8060,16067
5890,16043
6110,16054
4253,16066
4134,16063
4529,16028
7345,15999
7165,15959
5901,15893
8981,15874
5550,15814
8534,15864
1425,15856
5090,15915
1676,15872
5789,15874
5192,15784
8442,15759
6293,15667
8983,15652
6784,15626
2918,15616
4766,15608
4275,15586
4499,15573
4896,15538
6074,15507
5792,15447
6248,15430
5423,15421
3477,15441
2073,15457
2307,15467
4796,15437
6137,15397
3067,15323
8241,15251
7953,15189
894,15159
6312,15112
3846,15084
4193,15072
6114,15054
1553,14998
4550,14939
5533,14774
5948,14692
4897,14551
6663,14455
3354,14364
5313,14344
4358,14251
3500,14136
4321,13763
4764,13468
4672,13036
3334,12456
4528,12390
2863,11740
3322,11067
2761,10803
2963,10515
3298,10318
4317,10020
2691,9754
2434,9574
3544,9574
2403,9574
2861,9574
3636,9574
3812,9574
2462,9574
4345,9574
3472,9574
3981,9574
2838,9574
3260,9574
2791,9574
1300,9574
1727,9574
2333,9574
3774,9574
4841,9574
5496,9574
5057,9574
3651,9574
2843,9574
2351,9574
2740,9574
5562,9574
2567,9574
3140,9574
1932,9574
2309,9574
2621,9574
1798,9574
4375,9574
3701,9574
2564,9574
4248,9574
2316,9574
3470,9574
2211,9574
3055,9574
2266,9574
2362,9574
3403,9574
3934,9574
4322,9574
2385,9574
3957,9574
1839,9574
3870,9574
2879,9574
1070,9574
2351,9574
569,9574
1785,9574
973,9574
3030,9574
2664,9574
3524,9574
3193,9574
1840,9574
2663,9574
1642,9574
3724,9574
4355,9574
5491,9574
3844,9574
1721,9574
1359,9574
2079,9574
2612,9574
2571,9574
1964,9574
4674,9574
2912,9574
2016,9574
1618,9574
2170,9574
2672,9574
839,9574
2044,9574
1127,9574
2980,9574
2475,9574
3277,9574
1909,9574
2502,9574
1527,9574
5508,9574
4739,9574
1801,9574
2465,9574
2766,9574
4244,9574
2853,9574
1451,9574
1253,9574
3120,9574
2594,9574
4506,9574
4443,9574
1131,9574
2268,9574
2062,9574
2918,9574
1676,9574
819,9574
2243,9574
2880,9574
2615,9574
3934,9574
3226,9574
1569,9574
3280,9574
3092,9574
2013,9574
3204,9574
3243,9574
2646,9574
1977,9574
1964,9574
3589,9574

Pos:5
Dis:187.55mm
data - cfar
27613,14379
41565,14480
31104,14008
88979,13650
89373,13768
17035,13866
76747,14057
63862,13881
37476,14088
50290,14441
20191,14626
12967,14942
8004,14988
12392,14977
13683,14886
17275,14935
8954,14889
18789,14920
12300,14944
9698,15030
8182,15114
1818,15161
3822,15126
9918,15059
7521,15010
11393,14978
8103,14942
7812,14985
6903,15022
1750,15061
3003,15094
3222,15073
4731,15065
3213,15035
4300,14975
7668,14946
5178,14912
3922,14913
4972,14933
1855,14928
2470,14919
4668,14882
6484,14857
2870,14814
6479,14802
3770,14750
7381,14781
2966,14777
2876,14844
800,14828
3977,14824
2418,14758
5894,14736
4970,14669
7224,14665
4864,14640
3712,14629
5162,14650
3417,14670
3013,14652
4126,14630
6163,14606
3857,14556
5756,14541
4860,14531
3571,14524
2908,14525
2807,14530
798,14530
3743,14514
314,14438
6576,14373
7942,14299
1073,14267
5963,14217
4834,14189
2775,14202
4424,14188
1619,14140
1377,14059
3122,13901
4302,13843
670,13694
5276,13603
3907,13498
3671,13469
5220,13395
4566,13252
2629,12918
2075,12652
2534,12172
3373,11584
3030,11468
2771,10801
1176,10122
1784,9895
1224,9568
3587,9353
3412,9029
3597,8818
3623,8746
3225,8746
2073,8746
636,8746
1912,8746
3698,8746
3470,8746
2909,8746
1753,8746
3180,8746
3010,8746
3416,8746
3625,8746
2022,8746
5235,8746
1882,8746
4533,8746
2866,8746
2141,8746
3262,8746
2380,8746
2025,8746
2387,8746
1301,8746
2023,8746
992,8746
3307,8746
3144,8746
2794,8746
2177,8746
1009,8746
2153,8746
1548,8746
1491,8746
2287,8746
1289,8746
3671,8746
3718,8746
2039,8746
3590,8746
835,8746
3759,8746
2862,8746
2538,8746
2762,8746
1816,8746
2035,8746
4128,8746
1957,8746
2789,8746
1317,8746
2072,8746
1249,8746
3685,8746
3598,8746
1742,8746
3833,8746
3016,8746
2952,8746
1062,8746
1684,8746
1005,8746
1301,8746
895,8746
2595,8746
2265,8746
4026,8746
4077,8746
2786,8746
2899,8746
422,8746
1998,8746
1934,8746
3137,8746
2191,8746
803,8746
1394,8746
898,8746
650,8746
1698,8746
2144,8746
4207,8746
4240,8746
1108,8746
4760,8746
1857,8746
3753,8746
3196,8746
2671,8746
2664,8746
1720,8746
726,8746
2648,8746
2004,8746
2816,8746
4487,8746
825,8746
4013,8746
3593,8746
2480,8746
2901,8746
1845,8746
2144,8746
3555,8746
1493,8746
4619,8746
1411,8746
4838,8746
4406,8746
2218,8746
5301,8746
2028,8746
2048,8746
859,8746
2182,8746
971,8746
1930,8746
1376,8746
1616,8746
2029,8746

Pos:4
Dis:150.04mm
data - cfar
27873,14812
40915,14884
33366,14411
89381,14050
87106,14210
13815,14315
77037,14500
62579,14300
37414,14507
50436,14843
20371,15039
12488,15346
8367,15392
13888,15378
15617,15278
18834,15314
10300,15281
18063,15327
11477,15343
8461,15450
6485,15520
1420,15547
4653,15523
10393,15446
7240,15407
10964,15398
7536,15344
7322,15383
5731,15418
2670,15456
2582,15471
4245,15463
3819,15430
4183,15411
4643,15339
7401,15301
5016,15264
7044,15254
6538,15262
1277,15305
750,15306
7033,15251
7426,15189
4403,15134
7863,15127
4619,15051
7787,15086
1783,15064
4260,15124
1101,15080
6150,15075
4841,14995
6700,14981
6220,14903
8083,14898
5329,14881
3015,14885
3001,14922
3449,14921
4336,14890
3683,14857
3826,14818
5572,14763
6418,14727
4744,14730
4505,14756
3272,14744
2500,14757
2713,14732
4244,14706
1699,14621
8289,14559
7280,14489
1480,14462
6378,14405
4567,14380
2113,14383
4740,14381
964,14328
3008,14263
3916,14105
3638,14045
2156,13902
5918,13803
3579,13713
3274,13694
5207,13616
2924,13478
3431,13116
2980,12834
3773,12356
4756,11752
3737,11682
1666,11042
2011,10380
2514,10135
2319,9832
3787,9625
4207,9347
2429,9126
2383,9054
4659,9054
3637,9054
2032,9054
2636,9054
3859,9054
2714,9054
2025,9054
2652,9054
5006,9054
3630,9054
3104,9054
1967,9054
2363,9054
3180,9054
3012,9054
3501,9054
1799,9054
5393,9054
2382,9054
2921,9054
3312,9054
1508,9054
1426,9054
3694,9054
2796,9054
3017,9054
3307,9054
1954,9054
2793,9054
896,9054
1512,9054
1586,9054
1543,9054
1566,9054
2701,9054
3542,9054
2253,9054
1065,9054
2025,9054
2524,9054
417,9054
3165,9054
3012,9054
2092,9054
2996,9054
1771,9054
3169,9054
3003,9054
1171,9054
2424,9054
2048,9054
2448,9054
3547,9054
2469,9054
3340,9054
3235,9054
1263,9054
3236,9054
1006,9054
3501,9054
3892,9054
557,9054
2374,9054
456,9054
1712,9054
2121,9054
2681,9054
1882,9054
1965,9054
364,9054
2141,9054
238,9054
2564,9054
2704,9054
2353,9054
786,9054
1753,9054
2759,9054
3045,9054
3622,9054
5199,9054
1981,9054
3041,9054
2366,9054
2571,9054
3299,9054
1315,9054
2884,9054
3208,9054
4367,9054
2938,9054
4383,9054
3324,9054
5842,9054
3936,9054
4115,9054
2898,9054
797,9054
428,9054
3047,9054
2565,9054
2662,9054
4299,9054
3386,9054
2731,9054
428,9054
1158,9054
1557,9054
3075,9054
2644,9054
2158,9054
3126,9054
1333,9054
3292,9054
3974,9054
2317,9054
6376,9054
4852,9054
3546,9054

Pos:5
Dis:187.55mm
data - cfar
29860,15013
42913,15119
29762,14657
90098,14294
91444,14358
19009,14452
77578,14659
64478,14503
37556,14721
50168,15068
20352,15258
13300,15590
7902,15640
12926,15626
16708,15530
19706,15558
10121,15541
19044,15586
11969,15597
9652,15677
7296,15746
2560,15794
3512,15780
10024,15737
6600,15700
11084,15676
7699,15621
7647,15652
6607,15692
2370,15743
2590,15757
4449,15750
4377,15716
4155,15722
4328,15670
7154,15637
5487,15604
6410,15586
5313,15600
2670,15645
428,15618
7952,15574
6937,15497
4486,15438
8106,15430
4487,15356
8754,15403
1766,15375
4786,15441
1656,15382
6326,15400
2923,15313
7196,15291
5387,15191
8436,15172
6630,15167
2571,15164
3400,15227
2573,15224
2587,15207
4567,15183
4189,15131
5332,15078
6404,15059
3711,15037
5522,15038
3039,15022
2524,15043
1184,15046
2879,15021
2169,14915
8566,14832
8026,14775
667,14757
5449,14729
3601,14684
3074,14681
5394,14645
2063,14589
2317,14524
3467,14371
3451,14310
1684,14161
5285,14058
2451,13934
4912,13905
4554,13822
3336,13697
3462,13353
2586,13079
3109,12577
3722,11958
4388,11810
4517,11121
1862,10432
3268,10229
2573,9896
2880,9680
4959,9350
4419,9147
1941,9084
3756,9084
2911,9084
1929,9084
2776,9084
3349,9084
3146,9084
4260,9084
3912,9084
4013,9084
4914,9084
2407,9084
3679,9084
1418,9084
3213,9084
532,9084
4634,9084
3128,9084
4454,9084
4086,9084
3512,9084
2744,9084
2576,9084
1614,9084
2592,9084
2640,9084
2182,9084
4060,9084
2794,9084
4383,9084
2660,9084
2475,9084
2078,9084
441,9084
1518,9084
2308,9084
2659,9084
1262,9084
889,9084
1147,9084
1917,9084
2065,9084
2547,9084
3029,9084
2938,9084
1851,9084
2167,9084
3262,9084
872,9084
863,9084
1580,9084
3419,9084
2579,9084
4391,9084
2300,9084
4336,9084
4986,9084
1556,9084
2287,9084
1495,9084
1544,9084
1072,9084
1234,9084
928,9084
2667,9084
2992,9084
1672,9084
2267,9084
2366,9084
1251,9084
1996,9084
294,9084
2163,9084
1124,9084
1763,9084
1897,9084
1042,9084
1764,9084
2688,9084
2625,9084
422,9084
3487,9084
3672,9084
3050,9084
4622,9084
2634,9084
1119,9084
995,9084
1661,9084
2296,9084
1743,9084
2084,9084
1787,9084
4176,9084
2918,9084
3229,9084
2650,9084
1823,9084
2777,9084
4018,9084
4404,9084
3000,9084
4454,9084
3049,9084
1399,9084
2944,9084
3535,9084
2336,9084
3322,9084
1890,9084
2975,9084
2328,9084
1389,9084
2096,9084
1604,9084
1846,9084
1545,9084
2320,9084
3449,9084
4686,9084

Pos:5
Dis:187.55mm
data - cfar
29668,14627
42759,14728
28901,14275
88623,13910
90259,13968
18745,14071
76438,14272
64252,14119
38222,14335
49455,14671
20571,14837
14354,15156
7908,15212
13806,15208
14560,15106
18963,15151
8998,15109
19955,15152
12460,15151
8253,15231
7394,15300
2010,15338
2627,15307
9753,15230
6990,15168
10923,15136
7976,15096
7239,15140
7119,15169
1862,15207
3185,15237
3728,15214
4560,15235
1999,15196
5217,15142
6413,15075
4896,15067
3891,15052
5242,15084
666,15073
4752,15068
5938,15050
3457,15028
5684,14976
8487,14927
6126,14860
8437,14884
3569,14889
4425,14962
1391,14972
2336,14988
2901,14907
8164,14846
5873,14780
7353,14765
5801,14785
2634,14788
3052,14800
2789,14812
3544,14800
3505,14780
5388,14742
5977,14675
7085,14659
4155,14687
2437,14715
2934,14734
2061,14743
2216,14757
3811,14721
1981,14642
8555,14552
7549,14503
1011,14483
7019,14443
4334,14420
1980,14441
3197,14411
2858,14364
2943,14284
2635,14141
3011,14092
2197,13938
5057,13847
2312,13740
2956,13700
3032,13567
5195,13412
3522,13043
2402,12783
1985,12294
3206,11704
2846,11571
3251,10888
2144,10212
1647,9993
2861,9676
1682,9440
3293,9110
3371,8898
439,8661
3734,8661
2719,8661
2001,8661
2783,8661
2389,8661
2366,8661
1877,8661
3260,8661
2078,8661
3125,8661
3208,8661
3064,8661
1549,8661
2127,8661
426,8661
1460,8661
1161,8661
2733,8661
2210,8661
1443,8661
1830,8661
3677,8661
3770,8661
1308,8661
2986,8661
2495,8661
2702,8661
3937,8661
758,8661
2009,8661
468,8661
3003,8661
470,8661
3324,8661
2269,8661
3117,8661
3126,8661
3910,8661
3416,8661
2270,8661
2476,8661
998,8661
1235,8661
3586,8661
4547,8661
4023,8661
4894,8661
1996,8661
4514,8661
1479,8661
2759,8661
1995,8661
3323,8661
3005,8661
4265,8661
3876,8661
2554,8661
1467,8661
1970,8661
2006,8661
3957,8661
4002,8661
4113,8661
4526,8661
2561,8661
3495,8661
357,8661
3754,8661
2928,8661
1495,8661
682,8661
827,8661
2081,8661
3309,8661
1776,8661
1987,8661
2027,8661
1854,8661
2360,8661
1012,8661
742,8661
455,8661
1494,8661
2111,8661
2085,8661
1956,8661
2114,8661
3181,8661
2651,8661
1870,8661
725,8661
2198,8661
1384,8661
1480,8661
851,8661
1382,8661
1625,8661
1717,8661
1529,8661
849,8661
1699,8661
443,8661
2051,8661
1503,8661
284,8661
1172,8661
1533,8661
918,8661
1483,8661
854,8661
1562,8661
3484,8661
3696,8661
2098,8661
3377,8661
2767,8661
1894,8661
667,8661
1976,8661

Pos:5
Dis:187.55mm
data - cfar
29553,14834
42987,14968
27638,14519
88561,14173
90719,14214
18889,14309
76515,14518
63595,14360
37968,14564
50551,14893
21775,15061
14749,15409
7293,15472
14397,15444
16737,15344
19104,15377
9066,15347
19104,15390
11474,15391
8982,15499
7191,15564
3266,15627
2574,15608
10000,15543
7023,15475
11844,15467
8755,15446
6283,15503
5838,15549
2407,15568
2982,15594
4256,15576
3343,15571
4427,15564
6386,15489
7122,15457
6015,15441
5570,15419
6878,15465
537,15439
5730,15443
5395,15404
4470,15388
5902,15339
7497,15314
6035,15273
7426,15323
1958,15340
5160,15355
4302,15337
3458,15384
1403,15326
6078,15285
3896,15191
6369,15175
4278,15159
3205,15150
5216,15129
5042,15155
2972,15150
4433,15127
5238,15098
4952,15044
7476,15028
4083,15027
3597,15055
3657,15063
1461,15064
2162,15078
2476,15052
335,15002
4854,14924
5301,14825
1437,14761
7377,14691
5394,14681
1655,14709
3290,14685
2622,14637
2531,14558
3643,14425
3110,14371
3523,14203
5988,14083
3387,13962
4704,13944
2970,13836
4132,13689
3150,13305
1889,13015
3212,12526
2847,11921
4045,11766
4927,11099
696,10416
4098,10238
3201,9900
4907,9659
6203,9334
4532,9151
1395,9002
4058,9002
2133,9002
2319,9002
1767,9002
3078,9002
2137,9002
3826,9002
5246,9002
1811,9002
5153,9002
2352,9002
1759,9002
1383,9002
2640,9002
4392,9002
3233,9002
3321,9002
5788,9002
2893,9002
2108,9002
2959,9002
1521,9002
1570,9002
1966,9002
1184,9002
3195,9002
2267,9002
4416,9002
5414,9002
1702,9002
2490,9002
2349,9002
1500,9002
3264,9002
1871,9002
4315,9002
2200,9002
2420,9002
2211,9002
2327,9002
2433,9002
2128,9002
4754,9002
3138,9002
4310,9002
4194,9002
1824,9002
1259,9002
549,9002
2097,9002
1771,9002
3088,9002
3853,9002
3550,9002
5495,9002
2832,9002
4384,9002
3362,9002
3184,9002
2967,9002
3048,9002
2600,9002
1705,9002
2998,9002
1405,9002
2611,9002
1771,9002
306,9002
1471,9002
1194,9002
1615,9002
2640,9002
1461,9002
3712,9002
1858,9002
2761,9002
3150,9002
222,9002
1745,9002
315,9002
2055,9002
1770,9002
1640,9002
774,9002
313,9002
1370,9002
2047,9002
969,9002
4110,9002
2079,9002
3328,9002
4367,9002
1185,9002
3102,9002
912,9002
3650,9002
2613,9002
3795,9002
2058,9002
1560,9002
1319,9002
3173,9002
2307,9002
2389,9002
3736,9002
323,9002
2494,9002
2596,9002
2612,9002
1275,9002
2981,9002
3031,9002
1455,9002
1195,9002
1237,9002
1467,9002
2634,9002
2817,9002
2133,9002

Pos:5
Dis:187.55mm
data - cfar
29949,15781
45531,15948
26200,15475
90118,15098
93905,15153
19332,15254
77988,15485
63688,15326
40038,15534
51645,15882
20103,16059
16643,16426
5561,16460
15715,16423
18087,16289
18690,16338
8392,16307
19594,16339
11298,16312
9424,16414
6595,16474
3476,16566
2919,16549
10802,16488
8206,16426
12491,16413
8376,16372
7693,16416
6060,16461
3538,16505
4229,16527
4935,16517
3849,16500
4651,16468
7308,16392
8682,16344
7310,16298
8811,16285
7900,16342
1503,16355
6724,16363
6595,16313
5469,16314
7428,16264
8558,16250
6315,16212
8249,16268
2273,16259
6870,16280
4341,16249
4407,16278
2979,16223
6948,16185
4981,16107
7538,16083
5219,16061
4645,16062
4542,16054
3616,16080
2758,16045
5658,15980
5990,15942
6053,15878
7721,15867
3682,15861
4819,15892
3848,15907
2328,15938
790,15962
2035,15945
2781,15855
7615,15772
5662,15687
2505,15645
6806,15595
4607,15594
913,15605
3484,15557
4450,15482
3358,15391
5547,15257
4247,15204
4365,15060
6392,14910
5535,14801
4323,14807
3804,14689
5897,14573
3730,14200
3802,13908
3419,13440
2077,12837
3422,12713
2941,11977
2222,11291
3949,11105
2454,10769
4330,10565
4216,10207
2825,10028
2944,9828
4131,9828
1132,9828
3933,9828
3864,9828
4189,9828
4966,9828
4173,9828
4210,9828
2317,9828
2588,9828
3216,9828
1807,9828
2236,9828
1024,9828
4384,9828
3199,9828
6026,9828
6700,9828
3768,9828
4248,9828
1657,9828
1860,9828
1904,9828
2910,9828
2857,9828
4020,9828
2905,9828
3045,9828
2077,9828
2894,9828
2645,9828
1705,9828
3150,9828
4206,9828
3148,9828
4264,9828
2312,9828
6056,9828
3135,9828
4057,9828
2904,9828
3802,9828
3879,9828
3137,9828
4975,9828
2069,9828
3881,9828
2106,9828
3240,9828
2718,9828
2275,9828
3702,9828
4165,9828
2851,9828
4669,9828
2940,9828
5738,9828
2646,9828
3646,9828
2576,9828
3993,9828
5406,9828
4124,9828
4793,9828
4385,9828
3122,9828
1429,9828
1475,9828
2156,9828
3399,9828
1119,9828
1535,9828
422,9828
2316,9828
1889,9828
2381,9828
2651,9828
1292,9828
416,9828
1943,9828
3608,9828
2060,9828
4834,9828
4466,9828
607,9828
2660,9828
1251,9828
3144,9828
833,9828
3736,9828
2222,9828
5031,9828
4353,9828
635,9828
2110,9828
1851,9828
3117,9828
3206,9828
4061,9828
4513,9828
3319,9828
1525,9828
2886,9828
2258,9828
1195,9828
3459,9828
2335,9828
3130,9828
5698,9828
1524,9828
4582,9828
3920,9828
2303,9828
4290,9828
1640,9828
1645,9828
320,9828
1355,9828
1940,9828

Pos:5
Dis:187.55mm
data - cfar
32489,16859
49671,17068
23215,16632
90985,16262
98020,16257
24303,16348
79425,16612
64480,16501
39520,16705
51914,17059
20311,17205
17187,17593
5483,17612
15709,17632
15366,17499
19274,17518
12521,17470
20382,17502
11849,17532
9827,17637
5799,17710
3829,17747
4671,17705
13557,17639
9429,17578
12589,17585
9589,17543
8277,17595
6476,17636
4039,17656
4335,17672
6199,17656
6189,17649
5357,17610
8376,17546
9121,17498
7882,17474
9367,17449
8272,17490
1647,17506
6785,17501
7253,17452
6236,17438
8572,17391
8730,17341
7616,17292
8849,17322
2311,17317
6219,17353
4463,17306
5255,17336
3588,17266
8574,17209
6945,17130
8654,17105
5104,17101
6078,17091
5376,17072
4576,17099
4983,17052
5917,17012
6132,16974
6457,16903
8723,16874
4834,16866
3791,16889
3329,16874
2087,16888
3610,16889
3685,16844
2907,16753
8588,16669
6478,16577
3573,16521
7906,16453
3378,16439
4364,16470
4926,16424
4999,16387
4026,16310
6326,16172
4473,16103
4563,15965
6925,15874
3190,15771
5681,15793
2607,15672
6095,15542
4201,15135
5547,14851
4764,14351
4024,13746
4438,13577
3791,12842
2241,12156
3226,11975
4949,11598
5054,11331
6481,10974
3700,10818
4273,10690
4348,10690
4010,10690
5862,10690
3834,10690
4983,10690
2154,10690
5403,10690
3440,10690
3933,10690
3821,10690
3772,10690
3409,10690
2975,10690
5199,10690
3658,10690
6183,10690
3895,10690
5809,10690
5176,10690
3698,10690
3364,10690
2225,10690
3302,10690
3299,10690
2309,10690
3759,10690
3504,10690
3884,10690
2024,10690
3619,10690
2905,10690
4082,10690
1900,10690
3969,10690
3934,10690
3749,10690
4434,10690
5190,10690
4137,10690
2042,10690
2564,10690
961,10690
3279,10690
4614,10690
3279,10690
3375,10690
4098,10690
2130,10690
3752,10690
2000,10690
4823,10690
2673,10690
3895,10690
3969,10690
2873,10690
5850,10690
4514,10690
2928,10690
3425,10690
1717,10690
3696,10690
1598,10690
5907,10690
4451,10690
1601,10690
1801,10690
1680,10690
1583,10690
1755,10690
1729,10690
3806,10690
4673,10690
1586,10690
4875,10690
3462,10690
2399,10690
4330,10690
2333,10690
2608,10690
3727,10690
3951,10690
4748,10690
2473,10690
3271,10690
2182,10690
1001,10690
1665,10690
1915,10690
3154,10690
2922,10690
1454,10690
4631,10690
1967,10690
3205,10690
2662,10690
4072,10690
5970,10690
2648,10690
6099,10690
3819,10690
2855,10690
3972,10690
1245,10690
4202,10690
691,10690
4971,10690
3052,10690
4728,10690
6426,10690
3525,10690
2716,10690
533,10690
1269,10690
3763,10690
5093,10690
2464,10690
4759,10690
3272,10690
2777,10690

