==========>>>

Pos:4
Dis:150.04mm
data - cfar
18327,19463
18086,18893
84175,18110
118826,17860
63590,18271
39611,18619
74239,18854
31726,18722
58421,18964
43982,19150
11235,19464
25315,19785
631,19711
19349,19754
22275,19752
16198,20000
12649,20097
15728,20160
5726,20263
4012,20371
6922,20369
9189,20285
10652,20199
14655,20159
13377,20178
11946,20195
7583,20231
5620,20263
2314,20237
313,20137
5038,20112
1722,20073
6679,20070
10125,19803
30355,19574
33570,19551
7740,19657
14856,19770
10360,19787
7612,19900
5870,19898
15365,19818
10581,19727
11858,19741
11476,19822
3204,19841
8322,19887
1570,19823
6984,19770
8654,19721
5057,19741
5664,19693
9207,19711
6968,19653
6800,19591
6454,19504
9300,19433
2135,19414
6343,19393
8598,19269
10495,19168
7524,19150
7187,18937
5425,18735
6773,18716
1506,18702
2123,18719
6231,18601
16713,18526
15570,18507
9397,18528
8957,18570
6900,18579
1869,18534
5240,18440
6279,18376
5082,18342
5167,18325
4162,18336
3448,18280
8259,18153
6967,18088
1793,18020
3667,17903
3604,17721
7572,17740
6104,17573
1928,17524
6379,17219
3517,16789
2552,16589
4198,16014
3728,15733
1993,15266
2344,14340
6983,13587
16254,13395
10249,13268
8293,13135
16170,12505
9435,12349
3262,12349
2071,12349
4681,12349
3896,12349
9412,12349
8617,12349
3460,12349
6279,12349
6044,12349
18949,12349
26426,12349
12723,12349
5810,12349
7851,12349
9026,12349
8445,12349
983,12349
3214,12349
4266,12349
5667,12349
1935,12349
5782,12349
3746,12349
5107,12349
3396,12349
2439,12349
3622,12349
6172,12349
1572,12349
3299,12349
1940,12349
5479,12349
1518,12349
10706,12349
11601,12349
6908,12349
2107,12349
987,12349
4672,12349
9894,12349
8016,12349
1577,12349
780,12349
2172,12349
4318,12349
2846,12349
2780,12349
7406,12349
5212,12349
1310,12349
1896,12349
1693,12349
3244,12349
4317,12349
3030,12349
3234,12349
4014,12349
1533,12349
4079,12349
2010,12349
1538,12349
3380,12349
5286,12349
4295,12349
3039,12349
481,12349
4267,12349
5521,12349
3997,12349
2116,12349
5751,12349
4876,12349
2597,12349
3764,12349
1746,12349
2427,12349
2824,12349
3015,12349
4062,12349
2037,12349
5506,12349
2402,12349
3954,12349
2694,12349
4621,12349
4170,12349
1582,12349
3541,12349
2526,12349
4850,12349
3026,12349
1604,12349
3645,12349
1163,12349
3563,12349
1911,12349
4803,12349
5329,12349
2157,12349
3493,12349
3114,12349
1308,12349
3117,12349
1851,12349
4672,12349
7181,12349
3396,12349
4937,12349
3750,12349
2710,12349
2640,12349
4359,12349
3914,12349
2045,12349
932,12349
2525,12349
1824,12349
5408,12349
3483,12349

Pos:4
Dis:150.04mm
data - cfar
26345,18849
13255,18460
57669,17674
123638,17042
99350,17382
17060,17764
71365,18204
42626,17981
46300,18133
48218,18457
3275,18653
24411,18971
7594,18894
12645,18865
21825,18831
20159,19003
13361,19072
19969,19101
11352,19162
10910,19323
3519,19415
3967,19447
4797,19387
11615,19315
11442,19242
13587,19193
9883,19159
10399,19138
6121,19104
7044,19113
1884,19095
7445,19125
1455,18997
17527,18807
27821,18610
26326,18646
9320,18770
9539,18882
10025,18964
1895,19084
1167,19117
9094,19052
8873,18984
8414,18899
12614,18977
2501,19056
5163,19180
1907,19135
3962,19095
5952,19036
7606,19075
1238,19074
5118,19100
3527,18992
8747,18964
3676,18892
8187,18878
5350,18884
2093,18916
4343,18857
7801,18767
6617,18704
6996,18561
5289,18341
8039,18228
6511,18261
2684,18249
5418,18250
10046,18157
13408,18099
11236,18057
9465,18028
8792,17974
6577,17959
2713,17906
4889,17906
5753,17895
5766,17903
3695,17866
1868,17787
7104,17609
9546,17491
3842,17350
8062,17207
7861,17156
3005,17161
3870,17026
3548,17044
3158,16667
7025,16317
2845,16004
4721,15466
7371,15328
5066,14551
5048,13565
10839,13092
10439,13016
5486,12847
8646,12752
11057,12299
7555,11795
3463,11795
3696,11795
3827,11795
3130,11795
4838,11795
6563,11795
3491,11795
2602,11795
1667,11795
16328,11795
26257,11795
16510,11795
1876,11795
7252,11795
7615,11795
10036,11795
3719,11795
5305,11795
1144,11795
6074,11795
889,11795
4126,11795
1061,11795
6215,11795
2661,11795
4516,11795
935,11795
5869,11795
4350,11795
5184,11795
3392,11795
4014,11795
5668,11795
7380,11795
8902,11795
8623,11795
6921,11795
2337,11795
1432,11795
7092,11795
11855,11795
6166,11795
3363,11795
1714,11795
2234,11795
4133,11795
4202,11795
1645,11795
6434,11795
3405,11795
4509,11795
3850,11795
413,11795
2027,11795
5045,11795
2615,11795
4027,11795
5675,11795
1374,11795
2738,11795
3110,11795
3265,11795
5590,11795
5924,11795
4559,11795
4521,11795
1605,11795
2057,11795
2871,11795
917,11795
4083,11795
5612,11795
3332,11795
2282,11795
2658,11795
3272,11795
455,11795
3174,11795
2037,11795
5373,11795
4101,11795
2942,11795
5666,11795
3693,11795
1293,11795
4473,11795
3534,11795
1847,11795
1304,11795
2224,11795
3039,11795
4048,11795
2752,11795
1829,11795
2427,11795
2019,11795
675,11795
3260,11795
2029,11795
3044,11795
4412,11795
3787,11795
1617,11795
2096,11795
1956,11795
1586,11795
2572,11795
1993,11795
1325,11795
3389,11795
3628,11795
1011,11795
3196,11795
843,11795
3885,11795
1382,11795
2747,11795
1096,11795
1801,11795

Pos:4
Dis:150.04mm
data - cfar
21111,19744
8062,19149
77860,18347
123533,17938
74824,18351
33138,18682
78478,18974
34636,18810
56097,19046
47376,19287
7414,19578
25466,19927
2139,19847
18467,19890
22625,19891
17684,20129
13431,20215
17133,20290
8156,20373
6272,20497
5142,20545
7283,20487
9905,20407
14365,20362
12051,20359
11973,20368
8326,20383
6484,20401
3142,20365
2361,20289
3940,20288
2968,20256
5631,20229
11953,19994
28984,19752
32258,19729
8160,19824
14655,19928
9879,19951
7190,20048
4696,20039
14308,19986
11210,19920
11115,19909
11504,20015
3004,20055
8501,20125
1491,20052
6195,20004
8567,19950
6409,19975
4402,19914
8648,19925
6949,19832
8216,19795
5334,19723
8070,19680
2706,19665
7129,19627
7565,19524
10984,19426
7403,19374
8716,19163
6408,18973
5911,18970
1143,18963
4153,18990
3090,18901
15814,18819
17973,18758
10741,18774
8727,18815
7438,18804
2498,18777
5031,18689
5663,18631
6741,18620
5154,18605
3188,18604
4650,18527
7616,18392
7108,18342
2628,18238
5582,18122
3056,17971
5632,17983
5432,17835
1945,17782
6761,17425
5988,17007
2214,16763
5351,16190
5184,15947
2379,15423
1800,14487
7645,13793
15280,13694
9681,13560
8473,13503
16837,12922
9943,12534
2088,12534
2141,12534
4370,12534
4792,12534
10023,12534
8245,12534
4331,12534
6566,12534
5744,12534
21239,12534
27644,12534
12579,12534
7596,12534
8036,12534
6797,12534
10395,12534
2984,12534
4797,12534
4110,12534
4181,12534
2568,12534
5098,12534
4109,12534
7447,12534
3671,12534
2823,12534
3362,12534
5733,12534
2193,12534
2264,12534
2018,12534
5107,12534
1847,12534
9490,12534
9449,12534
6049,12534
5276,12534
3451,12534
3960,12534
12189,12534
11120,12534
3213,12534
423,12534
2572,12534
4273,12534
2830,12534
853,12534
4961,12534
3470,12534
3128,12534
3227,12534
3403,12534
4557,12534
1903,12534
5040,12534
2591,12534
2731,12534
880,12534
3465,12534
3955,12534
2483,12534
3680,12534
7276,12534
5766,12534
3154,12534
1420,12534
2903,12534
2383,12534
4876,12534
1462,12534
6769,12534
6002,12534
771,12534
4086,12534
939,12534
3929,12534
5073,12534
2413,12534
3946,12534
2347,12534
3509,12534
5573,12534
1885,12534
2726,12534
3361,12534
2300,12534
5163,12534
2450,12534
4963,12534
7453,12534
2835,12534
3298,12534
5083,12534
2293,12534
4544,12534
2820,12534
4297,12534
7539,12534
3700,12534
1481,12534
580,12534
2244,12534
1068,12534
4317,12534
1553,12534
3107,12534
2402,12534
2203,12534
4047,12534
2466,12534
880,12534
3172,12534
1615,12534
2553,12534
1315,12534
3301,12534
4773,12534
3472,12534
2715,12534

Pos:4
Dis:150.04mm
data - cfar
22045,18886
3224,18325
69630,17506
123440,16958
84840,17354
24176,17705
76677,18047
39210,17815
52028,18005
48404,18282
5514,18540
25037,18894
4731,18818
15233,18835
21700,18806
19171,19015
13106,19103
18607,19146
10282,19237
9043,19376
3867,19435
4867,19452
6486,19389
12262,19337
11331,19304
12202,19269
8836,19249
8837,19271
4838,19238
5152,19208
2018,19193
5357,19188
2680,19104
15451,18906
27916,18678
28420,18684
8222,18806
11752,18917
9385,18957
4600,19080
1943,19093
11246,19037
9429,18978
9823,18910
12075,18997
1256,19059
7190,19185
628,19129
4593,19106
5881,19043
6245,19068
2351,19022
6243,19047
5849,18943
8771,18920
2514,18875
7439,18840
4046,18826
3925,18813
6258,18728
9345,18627
7339,18596
7675,18432
5803,18237
6226,18174
3184,18190
3321,18167
6112,18089
13947,17979
16209,17941
9583,17927
7829,17933
8886,17917
3713,17898
3410,17851
4648,17827
4847,17817
3751,17799
3152,17763
3074,17672
7931,17486
8127,17403
3330,17272
7578,17159
5414,17076
1896,17103
3000,16980
1380,16934
4494,16544
6066,16151
2655,15867
3414,15276
6551,15096
5065,14464
1407,13514
8995,12921
13710,12848
9075,12714
6698,12691
13547,12158
9856,11709
4245,11709
990,11709
1227,11709
1841,11709
5863,11709
6998,11709
4273,11709
1923,11709
4272,11709
18342,11709
27650,11709
16180,11709
4441,11709
10589,11709
5994,11709
5896,11709
4383,11709
5129,11709
3170,11709
5304,11709
1024,11709
2785,11709
5003,11709
8392,11709
3341,11709
4753,11709
193,11709
5945,11709
3739,11709
2642,11709
1182,11709
6665,11709
4358,11709
7651,11709
9669,11709
7620,11709
5162,11709
2992,11709
906,11709
8756,11709
11405,11709
6890,11709
2526,11709
1621,11709
2225,11709
1528,11709
1703,11709
4094,11709
5347,11709
3179,11709
5221,11709
2155,11709
1551,11709
1760,11709
3939,11709
2370,11709
5753,11709
4076,11709
2092,11709
3022,11709
2161,11709
2318,11709
2985,11709
4085,11709
3499,11709
978,11709
2208,11709
4345,11709
4419,11709
2133,11709
4530,11709
3960,11709
160,11709
2721,11709
2863,11709
95,11709
2744,11709
2293,11709
4667,11709
3240,11709
3641,11709
5383,11709
2245,11709
2082,11709
3531,11709
2165,11709
2308,11709
3740,11709
2809,11709
5607,11709
3183,11709
1640,11709
2723,11709
132,11709
2881,11709
2984,11709
3722,11709
6407,11709
4793,11709
1009,11709
3385,11709
3684,11709
682,11709
3359,11709
1424,11709
2944,11709
1850,11709
1078,11709
538,11709
2497,11709
1247,11709
3119,11709
3066,11709
1396,11709
3079,11709
2579,11709
1660,11709
1745,11709
1913,11709

Pos:4
Dis:150.04mm
data - cfar
21431,18774
2938,18199
70618,17367
124440,16796
85702,17186
23988,17530
76917,17870
39700,17654
50614,17857
48141,18140
5906,18370
24939,18702
5522,18640
14660,18658
20828,18652
18368,18856
12497,18949
17880,19003
9736,19089
8911,19197
4502,19257
4849,19262
6776,19190
11433,19131
11267,19093
12450,19055
9189,19041
8674,19049
4207,19010
4153,18990
1794,18966
5257,18961
2613,18863
15595,18659
28504,18429
28535,18436
7906,18557
11912,18671
9085,18723
4659,18842
2296,18862
10756,18813
10251,18769
8268,18718
10989,18815
1768,18873
6657,18973
1274,18913
4308,18867
6954,18811
6604,18851
3418,18830
5962,18866
4750,18793
7968,18784
2876,18713
7434,18694
3135,18698
3931,18705
5423,18613
9097,18526
6605,18494
7714,18322
5825,18111
5933,18032
3430,18054
2774,18041
5299,17981
13414,17884
15525,17845
10172,17819
9031,17824
7872,17787
3692,17759
3144,17686
6360,17661
5535,17655
4985,17658
3335,17634
2897,17580
6373,17433
6835,17340
3355,17220
5917,17086
4490,16992
2300,16993
3661,16825
2324,16798
4249,16432
5340,16052
2356,15779
4321,15170
7319,14970
5530,14320
1911,13334
9741,12752
12588,12716
7407,12585
7359,12585
12433,12030
8279,11608
3380,11608
1312,11608
1629,11608
2335,11608
6258,11608
5749,11608
3196,11608
3119,11608
2698,11608
17968,11608
27063,11608
15712,11608
4472,11608
10232,11608
3682,11608
7729,11608
4040,11608
4100,11608
2080,11608
4532,11608
915,11608
4596,11608
2934,11608
5585,11608
4040,11608
3240,11608
589,11608
4820,11608
3316,11608
2645,11608
932,11608
5358,11608
4098,11608
8706,11608
9471,11608
7339,11608
6785,11608
3288,11608
1737,11608
8516,11608
11654,11608
6463,11608
1441,11608
1483,11608
2548,11608
5404,11608
3025,11608
4455,11608
6339,11608
4042,11608
3908,11608
3584,11608
3786,11608
3558,11608
3441,11608
3470,11608
6242,11608
3462,11608
1027,11608
1417,11608
2327,11608
2994,11608
4098,11608
4694,11608
4110,11608
924,11608
2283,11608
1229,11608
1888,11608
615,11608
5429,11608
5960,11608
1881,11608
3202,11608
4297,11608
2767,11608
1184,11608
2642,11608
1582,11608
1711,11608
3333,11608
1467,11608
4470,11608
3445,11608
2520,11608
5192,11608
1758,11608
1906,11608
846,11608
2048,11608
3888,11608
3956,11608
2411,11608
2847,11608
1185,11608
779,11608
1938,11608
4184,11608
2217,11608
1603,11608
4190,11608
4573,11608
1006,11608
2245,11608
233,11608
3607,11608
2575,11608
2621,11608
2077,11608
2827,11608
4268,11608
3578,11608
3215,11608
1526,11608
3253,11608
1602,11608
2187,11608
4432,11608
2598,11608

