==========>>>

Pos:7
Dis:262.57mm
data - cfar
56111,13753
61745,13738
63144,13646
66732,13955
24336,13885
72361,13755
83471,13563
47410,13742
47349,14120
37426,14354
18136,14632
10321,14878
7346,14903
16417,14875
13364,14869
7942,14933
5420,14974
6866,15012
2312,15037
1190,15037
6335,14991
8705,14934
7903,14899
11085,14928
6851,14911
7554,14968
3453,14986
3678,15020
1526,14999
4690,14989
4826,14958
6052,14938
5953,14914
7001,14907
6237,14892
5585,14878
4715,14880
3379,14885
2604,14869
3659,14866
4319,14845
5733,14807
6379,14815
5104,14791
4840,14787
4128,14760
4765,14763
2300,14755
3774,14743
4246,14701
6203,14704
5629,14663
6561,14662
5219,14655
5263,14659
2231,14662
3992,14666
3220,14631
4070,14641
3913,14634
5309,14620
5315,14602
4625,14582
4521,14571
3922,14549
3534,14527
3280,14511
2301,14486
5410,14437
5464,14430
3922,14426
3100,14423
4087,14368
4922,14373
1223,14315
3822,14294
3402,14237
3537,14210
3821,14236
3578,14224
3964,14197
5430,14174
3232,14134
4200,14074
2137,13977
2002,13945
2894,13868
3887,13738
3143,13468
3139,13113
4134,12737
3793,12107
1438,11566
2920,11401
1857,10867
4280,10383
4229,9894
3698,9471
3331,9028
3595,9028
3202,9028
1712,9028
2538,9028
1884,9028
4880,9028
3586,9028
2015,9028
3969,9028
3485,9028
1667,9028
4052,9028
284,9028
4127,9028
3194,9028
2414,9028
3370,9028
4043,9028
2963,9028
4127,9028
2996,9028
2480,9028
3620,9028
2232,9028
2262,9028
4001,9028
5264,9028
2881,9028
2090,9028
2630,9028
3193,9028
2258,9028
530,9028
2687,9028
3027,9028
769,9028
4667,9028
3694,9028
1937,9028
3969,9028
1322,9028
2524,9028
2726,9028
3495,9028
4816,9028
2251,9028
2319,9028
4555,9028
1977,9028
3012,9028
3581,9028
1191,9028
5528,9028
4250,9028
1669,9028
4911,9028
3761,9028
2832,9028
3240,9028
2262,9028
3465,9028
3027,9028
1911,9028
2409,9028
3528,9028
761,9028
2213,9028
914,9028
1658,9028
1579,9028
5595,9028
3490,9028
3747,9028
3771,9028
2973,9028
4620,9028
1157,9028
5142,9028
2131,9028
3052,9028
2529,9028
2886,9028
1990,9028
2273,9028
2829,9028
3429,9028
2666,9028
433,9028
1955,9028
2659,9028
1501,9028
1971,9028
3061,9028
1711,9028
1538,9028
1002,9028
1894,9028
895,9028
1674,9028
2216,9028
1732,9028
3665,9028
3697,9028
3700,9028
1421,9028
5019,9028
4732,9028
2428,9028
4097,9028
328,9028
4068,9028
1233,9028
3710,9028
3867,9028
1217,9028
640,9028
2583,9028
2765,9028
1871,9028
813,9028
1816,9028

Pos:7
Dis:262.57mm
data - cfar
65799,19751
72033,19768
71568,19591
88142,19976
24230,19972
73774,19921
95019,19769
43751,19928
55083,20307
43835,20524
16568,20811
19361,21102
5956,21089
19222,21086
19332,21016
12613,21071
11143,21117
11588,21175
2955,21197
6169,21232
6419,21168
11458,21102
12009,21042
15848,21036
12175,21018
13517,21033
8980,21037
9380,21071
4824,21041
9587,21048
9098,20962
10414,20948
9984,20900
12032,20887
11190,20871
9412,20849
8557,20854
7770,20837
7487,20814
8837,20783
8780,20739
10455,20700
10368,20695
9664,20685
9927,20671
9098,20620
8748,20622
7093,20601
9499,20569
8232,20517
9420,20493
9410,20448
10382,20420
8611,20406
7903,20401
5519,20370
8341,20325
7094,20274
8769,20256
8772,20205
8991,20170
7891,20140
9501,20088
8498,20049
6348,20023
6587,19994
6883,19955
7877,19904
7421,19842
8001,19832
8524,19784
7928,19746
8120,19712
6042,19647
6283,19575
5998,19512
7323,19477
7006,19454
6426,19423
8384,19419
8188,19341
7783,19314
6164,19258
6787,19165
4436,19058
6537,19056
6322,18902
6598,18826
6287,18488
8278,18097
4664,17786
5736,17076
4963,16527
4650,16376
5311,15668
7230,15150
5523,14614
7217,14117
7224,13595
6281,13516
6253,13516
5400,13516
6080,13516
6085,13516
5090,13516
6590,13516
7248,13516
5312,13516
7489,13516
4100,13516
4471,13516
5052,13516
5923,13516
5857,13516
6264,13516
5594,13516
7444,13516
4848,13516
7771,13516
6243,13516
5225,13516
3191,13516
5624,13516
4162,13516
4785,13516
8059,13516
2538,13516
5522,13516
3417,13516
5499,13516
5961,13516
3246,13516
5108,13516
4844,13516
6118,13516
5880,13516
4448,13516
5007,13516
5695,13516
6220,13516
5462,13516
3105,13516
6788,13516
7101,13516
3692,13516
5306,13516
3929,13516
5178,13516
4744,13516
6645,13516
4161,13516
6193,13516
3930,13516
5628,13516
6893,13516
2939,13516
2487,13516
5436,13516
2323,13516
4767,13516
5888,13516
4653,13516
6935,13516
3479,13516
2913,13516
4224,13516
3779,13516
4327,13516
6716,13516
2270,13516
4644,13516
5277,13516
7674,13516
3949,13516
3348,13516
3636,13516
3092,13516
5433,13516
4178,13516
4150,13516
6064,13516
5264,13516
2029,13516
6643,13516
2978,13516
3680,13516
3712,13516
1870,13516
4127,13516
4707,13516
727,13516
6863,13516
6047,13516
2862,13516
6611,13516
859,13516
6557,13516
5968,13516
1916,13516
5359,13516
3978,13516
3594,13516
4893,13516
2864,13516
5200,13516
3055,13516
4898,13516
4451,13516
4249,13516
5765,13516
954,13516
5137,13516
2676,13516
4412,13516
4724,13516
2160,13516
5036,13516
10520,13516
5974,13516
5566,13516

Pos:7
Dis:262.57mm
data - cfar
65682,20190
76986,20175
78599,19907
98133,20248
34550,20317
68939,20287
101114,20211
46346,20312
53661,20682
49480,20940
15206,21200
21608,21554
4427,21553
17362,21563
20640,21470
14709,21483
11174,21521
14688,21605
5748,21614
7220,21687
3958,21647
10158,21603
10400,21508
15349,21489
12868,21425
14946,21435
8728,21426
11158,21466
5782,21426
8891,21448
8078,21393
10512,21359
9975,21314
11955,21288
11452,21255
10888,21258
9549,21267
8107,21257
7610,21248
7943,21215
9195,21212
9211,21169
10388,21164
9218,21120
10854,21087
9097,21049
9335,21029
7365,21003
8323,20982
8232,20929
9596,20917
8363,20863
10660,20823
7689,20754
9388,20724
6171,20679
7102,20663
6564,20596
8739,20569
6530,20525
8451,20490
8897,20429
7763,20379
7793,20340
7193,20312
5885,20274
7368,20224
6301,20182
6695,20111
10025,20074
7707,20016
7473,19987
8040,19896
7165,19851
5466,19768
6491,19724
6263,19661
7036,19665
7034,19614
7686,19607
6649,19522
7394,19461
7056,19391
6208,19277
4055,19187
5384,19193
4289,19039
5156,18969
4148,18583
8718,18169
6300,17825
3990,17066
6017,16560
6000,16317
4437,15553
6964,14953
5251,14383
4975,13912
5474,13318
5138,13184
5158,13184
5137,13184
6238,13184
3830,13184
3865,13184
5690,13184
6038,13184
4051,13184
7519,13184
4327,13184
4729,13184
2466,13184
6243,13184
8365,13184
4909,13184
5552,13184
6336,13184
3904,13184
5851,13184
5661,13184
3637,13184
2660,13184
4700,13184
3558,13184
5097,13184
6432,13184
4078,13184
4118,13184
4132,13184
4789,13184
4549,13184
5751,13184
6656,13184
3914,13184
3735,13184
5656,13184
7800,13184
4112,13184
5516,13184
5525,13184
2256,13184
5961,13184
2278,13184
5550,13184
4508,13184
3794,13184
5842,13184
4972,13184
2119,13184
3131,13184
889,13184
4185,13184
4297,13184
3304,13184
3921,13184
3997,13184
3758,13184
3102,13184
3831,13184
4849,13184
6507,13184
4755,13184
3329,13184
3561,13184
2580,13184
2419,13184
4566,13184
3130,13184
2855,13184
5129,13184
3324,13184
3959,13184
3752,13184
4946,13184
2204,13184
4533,13184
4269,13184
2790,13184
5386,13184
2842,13184
4278,13184
3330,13184
3228,13184
5053,13184
4999,13184
2408,13184
2533,13184
2329,13184
4547,13184
4271,13184
2240,13184
1801,13184
5362,13184
4596,13184
1535,13184
4004,13184
1821,13184
3703,13184
4013,13184
1052,13184
1955,13184
1828,13184
3261,13184
5131,13184
3137,13184
3832,13184
4656,13184
4915,13184
3510,13184
5680,13184
4359,13184
3336,13184
5723,13184
623,13184
6985,13184
5246,13184
3512,13184
6740,13184
6116,13184
2107,13184

Pos:7
Dis:262.57mm
data - cfar
66908,23912
80437,23929
76298,23642
103703,23962
44669,24025
66449,24021
105523,24007
45788,24088
55460,24488
53731,24737
12166,24974
25370,25335
8154,25275
18987,25296
24409,25209
17541,25240
15939,25245
19123,25285
9216,25312
11006,25368
6894,25338
12555,25300
13285,25173
18475,25161
16092,25102
17811,25116
12389,25100
14639,25122
9297,25127
11275,25144
9781,25084
13878,25072
12450,25034
14749,25004
13672,24955
13530,24924
11998,24932
10406,24919
10506,24902
11201,24860
11054,24811
12873,24756
13414,24740
12357,24684
13104,24650
11661,24612
10743,24614
9196,24574
10963,24537
9745,24469
12069,24451
10960,24369
12990,24334
11118,24248
11826,24257
8179,24243
10458,24172
9685,24134
10554,24098
9661,24030
12065,23998
10677,23916
12044,23855
10423,23826
8858,23770
8465,23721
8905,23672
8965,23618
10072,23555
10072,23509
10084,23426
10247,23395
10107,23312
8324,23243
7286,23154
7899,23086
8551,23012
8346,22973
9652,22895
10190,22855
8691,22746
9024,22692
6856,22589
8548,22448
6365,22320
8002,22295
7204,22098
9276,22021
8447,21627
7723,21244
7570,20925
7051,20145
7526,19683
7825,19382
5042,18592
8921,18036
8072,17457
6150,16951
9345,16332
9796,15958
5884,15958
8869,15958
6373,15958
6861,15958
6580,15958
6367,15958
9266,15958
7301,15958
7235,15958
8068,15958
6903,15958
7737,15958
4348,15958
5478,15958
8752,15958
4470,15958
7903,15958
5961,15958
3450,15958
9221,15958
5419,15958
5798,15958
6755,15958
4349,15958
9651,15958
7328,15958
6005,15958
8528,15958
8559,15958
4927,15958
5204,15958
5433,15958
8465,15958
7320,15958
6768,15958
5869,15958
5771,15958
5735,15958
7452,15958
4998,15958
5103,15958
6510,15958
7329,15958
6260,15958
4063,15958
5232,15958
6929,15958
3577,15958
6259,15958
3077,15958
8673,15958
11079,15958
1643,15958
8626,15958
5920,15958
4165,15958
6498,15958
3971,15958
4220,15958
8235,15958
3981,15958
4714,15958
7874,15958
4483,15958
4546,15958
4510,15958
4365,15958
8423,15958
5590,15958
4305,15958
5075,15958
4922,15958
4142,15958
3787,15958
2793,15958
4494,15958
4580,15958
5827,15958
4379,15958
3814,15958
3964,15958
3654,15958
3376,15958
2820,15958
4274,15958
5327,15958
3896,15958
6613,15958
8160,15958
4476,15958
5032,15958
6190,15958
8167,15958
3267,15958
3730,15958
5639,15958
5361,15958
4583,15958
6380,15958
5615,15958
3169,15958
5446,15958
4235,15958
1496,15958
4753,15958
2967,15958
3687,15958
1944,15958
2350,15958
1340,15958
4548,15958
4670,15958
1776,15958
5767,15958
7000,15958
1317,15958
6936,15958
6469,15958
3432,15958
8875,15958

Pos:4
Dis:150.04mm
data - cfar
59258,19723
80074,19688
83433,19348
103548,19585
51931,19815
53755,19802
103376,19755
56039,19788
47575,20152
57250,20454
16912,20632
21805,21013
9752,21057
11442,21061
19957,20975
16327,20945
12670,20953
19057,20993
10458,20998
10808,21105
3582,21142
5588,21191
5238,21140
11420,21117
11363,21021
14856,21018
9738,21010
12108,21043
7834,21037
7773,21085
6115,21058
8431,21069
7054,21026
9983,20969
9926,20917
9418,20885
9742,20881
7224,20872
8359,20878
6413,20856
6763,20845
7069,20797
9555,20794
7499,20736
10562,20690
8085,20621
9366,20633
5386,20627
7847,20660
5272,20591
8128,20589
7032,20511
9745,20475
8619,20420
8670,20401
6739,20362
7076,20366
6230,20343
7155,20318
6139,20296
5307,20286
7194,20239
7436,20174
8152,20133
7190,20097
5852,20098
5488,20072
5811,20082
4773,20055
6538,20010
5472,19925
7645,19868
7674,19777
5579,19747
4563,19693
5729,19694
4832,19665
5604,19670
4333,19604
6771,19545
6592,19439
5082,19384
6182,19281
8114,19142
5751,19093
3924,19097
3733,18943
7383,18829
4939,18398
5829,18044
6808,17619
5974,16811
5631,16413
6277,16033
3438,15250
4731,14637
5557,14014
4490,13570
5987,12963
5286,12790
5816,12790
3807,12790
4143,12790
4721,12790
5834,12790
4100,12790
4104,12790
4497,12790
4071,12790
4365,12790
3801,12790
3697,12790
5177,12790
5795,12790
5449,12790
2408,12790
5491,12790
5400,12790
7201,12790
7396,12790
3076,12790
5580,12790
7297,12790
2622,12790
3866,12790
4896,12790
3014,12790
6148,12790
4289,12790
1445,12790
3925,12790
3157,12790
3913,12790
3193,12790
3543,12790
3934,12790
3533,12790
4131,12790
7003,12790
4926,12790
1232,12790
2896,12790
3332,12790
7171,12790
5358,12790
1834,12790
4318,12790
3960,12790
4102,12790
5140,12790
2145,12790
3077,12790
5133,12790
4223,12790
2295,12790
4669,12790
6040,12790
4987,12790
4109,12790
4702,12790
3861,12790
4524,12790
3763,12790
6339,12790
5338,12790
1825,12790
4206,12790
3619,12790
3462,12790
4420,12790
2726,12790
4589,12790
2918,12790
2807,12790
4473,12790
3932,12790
6330,12790
5108,12790
4847,12790
2980,12790
2962,12790
5937,12790
3900,12790
3519,12790
4698,12790
2227,12790
3161,12790
909,12790
2763,12790
1265,12790
3517,12790
5092,12790
2172,12790
4280,12790
2933,12790
3472,12790
7087,12790
3843,12790
2036,12790
3193,12790
6466,12790
7474,12790
3068,12790
1261,12790
1093,12790
2447,12790
2497,12790
2410,12790
5387,12790
3655,12790
5149,12790
5847,12790
2938,12790
3541,12790
1625,12790
1098,12790
850,12790
3491,12790
4440,12790
2896,12790

Pos:4
Dis:150.04mm
data - cfar
54677,17711
79358,17652
86728,17269
105339,17439
57423,17758
45958,17789
100781,17759
60506,17774
43341,18101
58006,18398
21123,18575
20135,18937
12262,19059
8099,19098
17422,19073
14345,19052
11565,19072
18606,19103
11774,19096
11761,19228
6224,19292
3472,19359
2678,19351
8733,19304
8860,19212
12887,19184
9881,19169
9970,19211
7459,19197
6183,19252
5097,19256
5480,19259
5202,19222
7019,19179
8508,19118
7575,19083
8661,19088
6624,19080
7040,19103
4637,19103
4994,19102
4251,19070
6795,19054
5341,18980
7656,18960
5964,18893
7569,18903
4806,18898
5534,18910
3355,18894
5185,18888
4632,18830
7977,18799
6903,18726
7626,18741
5723,18722
5873,18725
4655,18719
4555,18710
4600,18719
3817,18703
4675,18649
6088,18602
7207,18529
6412,18519
6265,18537
3670,18528
4598,18548
1966,18516
5885,18505
4206,18440
4485,18389
6570,18312
5460,18264
3532,18218
4631,18235
3444,18219
4013,18203
2651,18138
3098,18057
4293,17945
4763,17881
4012,17772
5668,17687
3277,17657
3681,17595
2267,17447
4051,17284
4742,16847
5166,16560
3393,16090
4902,15340
4529,15017
3489,14587
3680,13786
2765,13113
2990,12506
2853,12083
4924,11490
3220,11380
3132,11380
3884,11380
4210,11380
2721,11380
3741,11380
3005,11380
3322,11380
2334,11380
6145,11380
5523,11380
4484,11380
4941,11380
8363,11380
5659,11380
2494,11380
6908,11380
3869,11380
2861,11380
6075,11380
3030,11380
4019,11380
4185,11380
3592,11380
4159,11380
433,11380
4015,11380
3116,11380
3042,11380
3493,11380
3990,11380
1921,11380
3266,11380
3501,11380
2176,11380
3484,11380
2912,11380
1816,11380
3939,11380
4016,11380
1761,11380
3462,11380
1715,11380
3071,11380
4089,11380
722,11380
3899,11380
3070,11380
4902,11380
3747,11380
1419,11380
4956,11380
3399,11380
1560,11380
3169,11380
2136,11380
7336,11380
4744,11380
3347,11380
4940,11380
1083,11380
5918,11380
3962,11380
2468,11380
3290,11380
4468,11380
5623,11380
4186,11380
4199,11380
4289,11380
1845,11380
981,11380
2870,11380
1957,11380
2140,11380
3231,11380
1781,11380
6471,11380
4365,11380
2019,11380
5066,11380
4051,11380
996,11380
2199,11380
1474,11380
5517,11380
6421,11380
1045,11380
5177,11380
5148,11380
1746,11380
2117,11380
926,11380
1746,11380
3192,11380
4454,11380
4336,11380
1417,11380
5292,11380
5617,11380
1655,11380
5305,11380
7036,11380
4451,11380
1187,11380
2034,11380
4090,11380
2580,11380
2772,11380
3025,11380
1686,11380
549,11380
4081,11380
5317,11380
3062,11380
1085,11380
1498,11380
3403,11380
1887,11380
954,11380
1889,11380

